*! QVisaDataObject v1.1
*! hash 4e52e9b

#! __data__ 42c6870
#! __type__ iv-sweep
#! __desc__ 4C01_M2_O2_diodecharacteristics
t		V		I		P		
0.2478470802307129	-10.0	-2.349428e-09	2.3494280000000002e-08	
0.5175704956054688	-9.892	-1.80985e-09	1.7903036199999997e-08	
0.7906002998352051	-9.784	-1.575284e-09	1.5412578656e-08	
1.0481882095336914	-9.676	-1.405281e-09	1.3597498956000001e-08	
1.3209223747253418	-9.568	-1.27007e-09	1.2152029759999999e-08	
1.594714641571045	-9.46	-1.158999e-09	1.0964130540000001e-08	
1.8610856533050537	-9.352	-1.055943e-09	9.875178935999999e-09	
2.1257078647613525	-9.244	-9.846344e-10	9.101960393600001e-09	
2.3968985080718994	-9.136	-9.148483e-10	8.3580540688e-09	
2.6679489612579346	-9.028	-8.379615e-10	7.565116422000001e-09	
2.937947988510132	-8.92	-7.8268e-10	6.9815056000000005e-09	
3.2008490562438965	-8.812	-7.269926e-10	6.4062587911999995e-09	
3.459760904312134	-8.704	-6.737906e-10	5.8646733824e-09	
3.728743553161621	-8.596	-6.27537e-10	5.3943080519999994e-09	
3.999746084213257	-8.488	-5.827537e-10	4.9464134056e-09	
4.270817518234253	-8.38	-5.458318e-10	4.574070484e-09	
4.545867681503296	-8.272	-5.139815e-10	4.251654968e-09	
4.803393363952637	-8.164	-4.800519e-10	3.9191437116e-09	
5.0717387199401855	-8.056	-4.434343e-10	3.5723067207999998e-09	
5.330816030502319	-7.948	-4.278135e-10	3.4002616980000002e-09	
5.603647470474243	-7.84	-3.951011e-10	3.097592624e-09	
5.874683618545532	-7.732	-3.814073e-10	2.9490412436e-09	
6.134705066680908	-7.624	-3.601572e-10	2.7458384928e-09	
6.403622388839722	-7.516	-3.305891e-10	2.4847076756000003e-09	
6.675702095031738	-7.408	-3.196342e-10	2.3678501536000003e-09	
6.936705827713013	-7.3	-2.997025e-10	2.1878282499999997e-09	
7.203658580780029	-7.192	-2.791622e-10	2.0077345424e-09	
7.473710298538208	-7.084	-2.698303e-10	1.9114778451999998e-09	
7.741231203079224	-6.976	-2.535502e-10	1.7687661951999999e-09	
8.013932943344116	-6.868	-2.330605e-10	1.6006595140000002e-09	
8.306341648101807	-6.76	-2.306767e-10	1.559374492e-09	
8.576524019241333	-6.652	-2.242357e-10	1.4916158764e-09	
8.851718664169312	-6.544	-1.98928e-10	1.301784832e-09	
9.109344482421875	-6.436	-1.950735e-10	1.2554930460000001e-09	
9.373702764511108	-6.328	-1.822421e-10	1.1532280088000002e-09	
9.634729862213135	-6.22	-1.759532e-10	1.094428904e-09	
9.903632402420044	-6.112	-1.624118e-10	9.926609215999999e-10	
10.17748236656189	-6.004	-1.610932e-10	9.672035727999999e-10	
10.452959775924683	-5.896	-1.452695e-10	8.56508972e-10	
10.723652839660645	-5.788	-1.433423e-10	8.296652324000001e-10	
10.994694232940674	-5.68	-1.343654e-10	7.63195472e-10	
11.25873064994812	-5.572	-1.263521e-10	7.040339012e-10	
11.527897596359253	-5.464	-1.23512e-10	6.748695680000001e-10	
11.798996925354004	-5.356	-1.120501e-10	6.001403356e-10	
12.058164596557617	-5.248	-1.106808e-10	5.808528384e-10	
12.315699100494385	-5.14	-1.063701e-10	5.467423139999999e-10	
12.588983058929443	-5.032	-1.006902e-10	5.066730864e-10	
12.854758501052856	-4.924	-1.007916e-10	4.962978384000001e-10	
13.12777066230774	-4.816	-9.45538e-11	4.5537110079999996e-10	
13.401726484298706	-4.708	-8.633818e-11	4.0648015144000003e-10	
13.673705339431763	-4.6	-8.669317e-11	3.9878858199999994e-10	
13.945688247680664	-4.492	-8.233179e-11	3.6983440068e-10	
14.20637845993042	-4.384	-7.218901e-11	3.1647661984e-10	
14.473451137542725	-4.276	-7.3964e-11	3.16270064e-10	
14.736729383468628	-4.168	-6.924763e-11	2.8862412184e-10	
15.00582766532898	-4.06	-7.051548e-11	2.8629284879999997e-10	
15.27874493598938	-3.952	-6.777692e-11	2.6785438784e-10	
15.553727149963379	-3.844	-6.118411e-11	2.3519171883999996e-10	
15.820424795150757	-3.736	-6.595124e-11	2.4639383264e-10	
16.09064269065857	-3.628	-5.738059e-11	2.0817678052e-10	
16.363713264465332	-3.52	-5.377995e-11	1.8930542399999999e-10	
16.623697519302368	-3.412	-5.195425e-11	1.77267901e-10	
16.891748905181885	-3.304	-5.200496e-11	1.7182438783999999e-10	
17.164757013320923	-3.196	-5.048355e-11	1.613454258e-10	
17.433764457702637	-3.088	-4.926642e-11	1.5213470496000002e-10	
17.70431923866272	-2.98	-4.566572e-11	1.360838456e-10	
18.00557518005371	-2.872	-4.419502e-11	1.2692809744e-10	
18.266772508621216	-2.764	-4.201436e-11	1.1612769104e-10	
18.53779149055481	-2.656	-3.947868e-11	1.0485537408000002e-10	
18.807899475097656	-2.548	-3.831222e-11	9.761953655999999e-11	
19.076272010803223	-2.44	-3.537084e-11	8.630484960000001e-11	
19.336788654327393	-2.332	-3.790655e-11	8.839807459999999e-11	
19.60371708869934	-2.224	-3.826153e-11	8.509364272e-11	
19.87469792366028	-2.116	-3.466087e-11	7.334240092e-11	
20.144652366638184	-2.008	-3.095878e-11	6.216523024000001e-11	
20.41366219520569	-1.9	-2.593809e-11	4.9282370999999995e-11	
20.685690879821777	-1.792	-2.811883e-11	5.038894336e-11	
20.957631587982178	-1.684	-2.958955e-11	4.982880219999999e-11	
21.232388019561768	-1.576	-2.401101e-11	3.784135176e-11	
21.507781982421875	-1.468	-2.553241e-11	3.748157788e-11	
21.76972794532776	-1.36	-2.248959e-11	3.0585842400000005e-11	
22.036763906478882	-1.252	-2.086684e-11	2.612528368e-11	
22.3078830242157	-1.144	-2.421387e-11	2.770066728e-11	
22.567914724349976	-1.036	-1.934537e-11	2.004180332e-11	
22.828049898147583	-0.928	-1.57954e-11	1.46581312e-11	
23.08974862098694	-0.82	-1.427398e-11	1.17046636e-11	
23.3567373752594	-0.712	-1.802677e-11	1.283506024e-11	
23.633692502975464	-0.604	-1.407116e-11	8.49898064e-12	
23.90544557571411	-0.496	-1.736754e-11	8.614299839999999e-12	
24.172438144683838	-0.388	-1.199189e-11	4.65285332e-12	
24.436733722686768	-0.28	-1.148474e-11	3.2157272e-12	
24.70236897468567	-0.172	-1.08762e-11	1.8707063999999998e-12	
24.97127938270569	-0.064	-1.204263e-11	7.707283200000001e-13	
25.239372730255127	0.044	-1.052117e-11	-4.629314799999999e-13	
25.513721466064453	0.152	-1.747692e-12	-2.65649184e-13	
25.783665657043457	0.26	9.070358e-11	2.3582930800000003e-11	
26.055320501327515	0.368	1.252302e-09	4.6084713599999997e-10	
26.326863288879395	0.476	1.550307e-08	7.379461319999999e-09	
26.607078552246094	0.584	2.170865e-07	1.26778516e-07	
27.007893800735474	0.692	4.029538e-06	2.788440296e-06	
27.34478735923767	0.8	6.942704e-05	5.5541632000000005e-05	


