*! QVisaDatafile v1.1
*! Si Ref Dark
#! pv-bias 8aa9fd2
t		V		I		P		
0.2842578887939453	0.0	8.646119e-07	0.0	
0.5208909511566162	0.002355	4.587724e-08	1.0804090019999999e-10	
0.78466796875	0.004705	-7.942163e-07	-3.7367876915e-09	
1.201324462890625	0.00706	-1.644646e-06	-1.161120076e-08	
1.4470932483673096	0.00941	-2.524338e-06	-2.375402058e-08	
1.711536169052124	0.011765	-3.42104e-06	-4.02485356e-08	
1.9285850524902344	0.01412	-4.334241e-06	-6.119948292e-08	
2.2062036991119385	0.01647	-5.279785e-06	-8.695805894999998e-08	
2.4801368713378906	0.018825	-6.241023e-06	-1.17487257975e-07	
2.738454580307007	0.021175	-7.234257e-06	-1.53185391975e-07	
3.0044291019439697	0.02353	-8.247053e-06	-1.9405315709000001e-07	
3.2733583450317383	0.02588	-9.292891e-06	-2.4050001908e-07	
3.534710645675659	0.028235	-1.037991e-05	-2.9307675884999996e-07	
3.91202712059021	0.03059	-1.149578e-05	-3.516559102e-07	
4.1533849239349365	0.03294	-1.264287e-05	-4.164561378e-07	
4.394662618637085	0.035295	-1.382682e-05	-4.880176119e-07	
4.634175539016724	0.037645	-1.504661e-05	-5.664296334499999e-07	
4.866433143615723	0.04	-1.628365e-05	-6.51346e-07	
5.122339248657227	0.042355	-1.758148e-05	-7.446635854e-07	
5.352024793624878	0.044705	-1.891297e-05	-8.455043238500001e-07	
5.5920729637146	0.04706	-2.030018e-05	-9.553264708e-07	
5.830563306808472	0.04941	-2.169652e-05	-1.0720250532e-06	
6.06120753288269	0.051765	-2.316892e-05	-1.1993391437999999e-06	
6.3007493019104	0.05412	-2.467618e-05	-1.3354748616000002e-06	
6.546939373016357	0.05647	-2.623846e-05	-1.4816858362e-06	
6.788482427597046	0.058825	-2.784016e-05	-1.637697412e-06	
7.036433696746826	0.061175	-2.949845e-05	-1.80456767875e-06	
7.2687132358551025	0.06353	-3.12161e-05	-1.983158833e-06	
7.509788274765015	0.06588	-3.298387e-05	-2.1729773556e-06	
7.745021104812622	0.068235	-3.481368e-05	-2.3755114548e-06	
7.989269018173218	0.07059	-3.671831e-05	-2.5919455029e-06	
8.225083827972412	0.07294	-3.867348e-05	-2.8208436312000003e-06	
8.475301265716553	0.075295	-4.07046e-05	-3.0648528570000005e-06	
8.713201522827148	0.077645	-4.280134e-05	-3.3233100443000005e-06	
8.956419944763184	0.08	-4.498013e-05	-3.5984104e-06	
9.19606637954712	0.082355	-4.722262e-05	-3.8890188700999994e-06	
9.436434507369995	0.084705	-4.951255e-05	-4.19396054775e-06	
9.672483921051025	0.08706	-5.191224e-05	-4.5194796144e-06	
9.903722047805786	0.08941	-5.436819e-05	-4.8610598679e-06	
10.146722793579102	0.091765	-5.691049e-05	-5.22239111485e-06	
10.389294624328613	0.09412	-5.959789e-05	-5.6093534067999995e-06	
10.624490022659302	0.09647	-6.231046e-05	-6.0110900762e-06	
10.870776414871216	0.098825	-6.509227e-05	-6.4327435827499996e-06	
11.107400178909302	0.101175	-6.797087e-05	-6.87695277225e-06	
11.34294080734253	0.10353	-7.100153e-05	-7.3507884009e-06	
11.582708835601807	0.10588	-7.408758e-05	-7.8443929704e-06	
11.820419073104858	0.108235	-7.724591e-05	-8.36071106885e-06	
12.052523851394653	0.11059	-8.058071e-05	-8.911420718899999e-06	
12.27559757232666	0.11294	-8.397788e-05	-9.484461767200001e-06	
12.509767293930054	0.115295	-8.74984e-05	-1.0088128028e-05	
12.752669334411621	0.117645	-9.108891e-05	-1.071615481695e-05	
12.993783712387085	0.12	-9.482048e-05	-1.13784576e-05	
13.232500076293945	0.122355	-9.874086e-05	-1.20814379253e-05	
13.48237419128418	0.124705	-0.0001026504	-1.2801018132e-05	
13.861944437026978	0.12706	-0.0001067527	-1.3563998062000002e-05	
14.110633611679077	0.12941	-0.000110972	-1.436088652e-05	
14.348710060119629	0.131765	-0.0001153013	-1.5192675794499999e-05	
14.594629287719727	0.13412	-0.0001197078	-1.6055210136e-05	
14.825353860855103	0.13647	-0.0001243545	-1.6970658615000003e-05	
15.07078504562378	0.138825	-0.0001291167	-1.79246258775e-05	
15.305217027664185	0.141175	-0.0001340312	-1.892185466e-05	
15.519864082336426	0.14353	-0.0001389879	-1.9948933287e-05	
15.765816688537598	0.14588	-0.0001441386	-2.1026938968e-05	
16.00360369682312	0.148235	-0.0001493626	-2.2140765011000004e-05	
16.234686136245728	0.15059	-0.000154804	-2.331193436e-05	
16.482187747955322	0.15294	-0.0001604993	-2.4546762942e-05	
16.71535015106201	0.155295	-0.0001661398	-2.5800680240999997e-05	
16.97413969039917	0.157645	-0.0001719657	-2.71095327765e-05	
17.224090337753296	0.16	-0.0001780439	-2.8487024e-05	
17.46426486968994	0.162355	-0.0001842297	-2.99106129435e-05	
17.704490423202515	0.164705	-0.0001905236	-3.1380189537999995e-05	
17.956703662872314	0.16706	-0.0001971308	-3.2932671448e-05	
18.16493535041809	0.16941	-0.0002037665	-3.4520082765e-05	
18.376193046569824	0.171765	-0.0002106763	-3.61868146695e-05	
18.59665322303772	0.17412	-0.0002177636	-3.7916998032e-05	
18.83172631263733	0.17647	-0.0002249308	-3.9693538276e-05	
19.06295156478882	0.178825	-0.0002323632	-4.155234924e-05	
19.30254101753235	0.181175	-0.0002398963	-4.34632121525e-05	
19.53460955619812	0.18353	-0.000247586	-4.543945858e-05	
19.77774930000305	0.18588	-0.0002554693	-4.7486633484000004e-05	
20.020593643188477	0.188235	-0.0002635738	-4.9613814243000004e-05	
20.260927438735962	0.19059	-0.0002717409	-5.1791098131e-05	
20.506836652755737	0.19294	-0.0002801557	-5.4053240758e-05	
20.739362478256226	0.195295	-0.000288809	-5.6402953655e-05	
20.96837568283081	0.197645	-0.0002976448	-5.8828006496e-05	
21.207042455673218	0.2	-0.0003065919	-6.131838e-05	
21.451293468475342	0.202355	-0.0003158784	-6.3919573632e-05	
21.69808316230774	0.204705	-0.0003252786	-6.6586155813e-05	
21.94118571281433	0.20706	-0.0003349594	-6.9356693364e-05	
22.14569664001465	0.20941	-0.0003448583	-7.221677660300001e-05	
22.362481832504272	0.21175	-0.0003549205	-7.5154415875e-05	
22.57754611968994	0.2141	-0.0003651588	-7.818049908e-05	
22.80042552947998	0.21645	-0.0003756522	-8.130991869e-05	
23.023934602737427	0.2188	-0.0003861713	-8.449428043999999e-05	
23.26058530807495	0.2212	-0.0003971663	-8.785318556000001e-05	
23.494399547576904	0.22355	-0.0004084226	-9.130287223e-05	
23.739380836486816	0.2259	-0.0004198185	-9.483699914999998e-05	
23.952240228652954	0.22825	-0.0004313326	-9.845166595e-05	
24.185625314712524	0.2306	-0.0004432471	-0.00010221278126	
24.42841672897339	0.23295	-0.0004554343	-0.000106093420185	
24.668839931488037	0.2353	-0.0004675469	-0.00011001378557	
24.907949209213257	0.23765	-0.0004801385	-0.000114104914525	
25.148325443267822	0.24	-0.0004930614	-0.00011833473599999998	
25.392600297927856	0.24235	-0.0005058894	-0.00012260229609	
25.623476266860962	0.2447	-0.000519159	-0.0001270382073	
25.871983289718628	0.24705	-0.0005328861	-0.000131649511005	
26.12585163116455	0.2494	-0.0005466168	-0.00013632622992	
26.358459949493408	0.25175	-0.0005607214	-0.00014116161244999998	
26.59274673461914	0.2541	-0.0005750448	-0.00014611888367999998	
26.832714080810547	0.25645	-0.0005897871	-0.000151250901795	
27.08602499961853	0.2588	-0.0006048754	-0.00015654175351999998	
27.345000505447388	0.2612	-0.0006204417	-0.00016205937204	
27.5907883644104	0.26355	-0.0006360493	-0.00016763079301499999	
27.821285009384155	0.2659	-0.0006516947	-0.00017328562073000003	
28.066447019577026	0.26825	-0.0006678862	-0.00017916047315	
28.308704137802124	0.2706	-0.0006842743	-0.00018516462558	
28.538870096206665	0.27295	-0.0007010862	-0.00019136147829000003	
28.78641390800476	0.2753	-0.0007182639	-0.00019773805167	
29.019578456878662	0.27765	-0.0007356491	-0.00020425297261500002	
29.2564799785614	0.28	-0.0007535943	-0.00021100640400000003	
29.493775129318237	0.28235	-0.0007718012	-0.00021791806882	
29.728509187698364	0.2847	-0.0007901409	-0.00022495311423	
29.973119735717773	0.28705	-0.0008090461	-0.00023223668300500003	
30.209197521209717	0.2894	-0.0008284583	-0.00023975583201999999	
30.4412522315979	0.29175	-0.0008480071	-0.000247406071425	
30.674121141433716	0.2941	-0.0008681471	-0.00025532206210999997	
30.908697605133057	0.29645	-0.0008887172	-0.00026346021393999997	
31.15055823326111	0.2988	-0.0009094418	-0.00027174120984	
31.387271642684937	0.3012	-0.0009313446	-0.00028052099352	
31.62033700942993	0.30355	-0.0009530632	-0.00028930233436	
31.866164445877075	0.3059	-0.0009754612	-0.00029839358108	
32.12174654006958	0.30825	-0.0009978684	-0.00030759293430000003	
32.3481810092926	0.3106	-0.001020951	-0.0003171073806	
32.59208059310913	0.31295	-0.001044558	-0.0003268944261	
32.94233417510986	0.3153	-0.001068376	-0.0003368589528	
33.194659948349	0.31765	-0.001093001	-0.00034719176764999994	
33.437681913375854	0.32	-0.001118144	-0.00035780608	
33.69619846343994	0.32235	-0.001143795	-0.00036870231825	
33.933425188064575	0.3247	-0.001170008	-0.00037990159759999996	
34.175124645233154	0.32705	-0.001196206	-0.0003912191723	
34.42644262313843	0.3294	-0.001223677	-0.0004030792038	
34.6647207736969	0.33175	-0.001251643	-0.00041523256525	
34.91783809661865	0.3341	-0.00127983	-0.000427591203	
35.147587299346924	0.33645	-0.001309025	-0.00044042146125	
35.39289474487305	0.3388	-0.001339067	-0.00045367589959999997	
35.63708019256592	0.3412	-0.001369891	-0.0004674068092	
35.87684607505798	0.34355	-0.001400814	-0.0004812496497	
36.14099049568176	0.3459	-0.00143276	-0.000495591684	
36.37628197669983	0.34825	-0.001465709	-0.0005104331592499999	
36.60556983947754	0.3506	-0.001498501	-0.0005253744506	
36.85425853729248	0.35295	-0.001532742	-0.0005409812888999999	
37.089595794677734	0.3553	-0.001567824	-0.0005570478672	
37.29191303253174	0.35765	-0.001603136	-0.0005733615904	
37.489535331726074	0.36	-0.001639588	-0.00059025168	
37.724287271499634	0.36235	-0.001677255	-0.00060775334925	
37.95708084106445	0.3647	-0.001715312	-0.0006255742864000001	
38.17313885688782	0.36705	-0.001754553	-0.00064400867865	
38.40359687805176	0.3694	-0.001795113	-0.0006631147422	
38.64501333236694	0.37175	-0.001835985	-0.0006825274237500001	
38.907453775405884	0.3741	-0.001878748	-0.0007028396268	
39.17343211174011	0.37645	-0.001922268	-0.0007236377886	
39.41973042488098	0.3788	-0.001966526	-0.0007449200488000001	
39.66642642021179	0.3812	-0.002013322	-0.0007674783464	
39.920878887176514	0.38355	-0.002060415	-0.0007902721732499999	
40.16902160644531	0.3859	-0.002108769	-0.0008137739571	
40.40155029296875	0.38825	-0.002158081	-0.00083787494825	
40.62974429130554	0.3906	-0.002209348	-0.0008629713288	
40.87910294532776	0.39295	-0.002262116	-0.0008888984822000001	
41.112534523010254	0.3953	-0.002315262	-0.0009152230685999999	
41.36096477508545	0.39765	-0.002371323	-0.00094295659095	
41.59241533279419	0.4	-0.002428177	-0.0009712708	
41.841792821884155	0.40235	-0.002486923	-0.0010006134690499998	
42.07731342315674	0.4047	-0.0025482	-0.00103125654	
42.3194842338562	0.40705	-0.002609988	-0.0010623956154	
42.56144976615906	0.4094	-0.002674771	-0.0010950512473999999	
42.8002028465271	0.41175	-0.002741635	-0.00112886821125	
43.02642369270325	0.4141	-0.002809744	-0.0011635149904000001	
43.27087736129761	0.41645	-0.002880917	-0.00119975788465	
43.513171672821045	0.4188	-0.002954494	-0.0012373420871999998	
43.70449924468994	0.4212	-0.003031474	-0.0012768568488000002	
43.932679176330566	0.42355	-0.003108823	-0.00131674198165	
44.1655387878418	0.4259	-0.00319061	-0.001358880799	
44.41642117500305	0.42825	-0.003275086	-0.0014025555795	
44.6522696018219	0.4306	-0.003361409	-0.0014474227154	
44.90335273742676	0.43295	-0.003452101	-0.00149458712795	
45.14644384384155	0.4353	-0.003546747	-0.0015438989691	
45.3747022151947	0.43765	-0.003643106	-0.0015944053409	
45.61426496505737	0.44	-0.00374462	-0.0016476328	
45.862688064575195	0.44235	-0.003850729	-0.00170336997315	
46.11059260368347	0.4447	-0.003959658	-0.0017608599125999997	
46.36913847923279	0.44705	-0.004074229	-0.00182138407445	
46.611701250076294	0.4494	-0.004193757	-0.0018846743958000002	
46.85316801071167	0.45175	-0.004317421	-0.0019503949367499999	
47.08392643928528	0.4541	-0.004447487	-0.0020196038467	
47.31250023841858	0.45645	-0.004581647	-0.0020912927731500004	
47.546117544174194	0.4588	-0.004724024	-0.0021673822112	
47.777204751968384	0.4612	-0.004874533	-0.0022481346196	
48.01314353942871	0.46355	-0.00503078	-0.002332018069	
48.2122540473938	0.4659	-0.005194332	-0.0024200392788	
48.40811038017273	0.46825	-0.005363466	-0.0025114429545	
48.62407946586609	0.4706	-0.005543249	-0.0026086529794000003	
48.86054801940918	0.47295	-0.005729446	-0.0027097414857	
49.08852410316467	0.4753	-0.005928355	-0.0028177471315	
49.314460039138794	0.47765	-0.00613744	-0.002931548216	
49.5364408493042	0.48	-0.006353957	-0.00304989936	
49.78829264640808	0.48235	-0.006586024	-0.0031767686764	
50.03191423416138	0.4847	-0.006829348	-0.0033101849756	
50.26175093650818	0.48705	-0.007082669	-0.00344961393645	
50.494271993637085	0.4894	-0.007354499	-0.0035992918106	
50.73571515083313	0.49175	-0.007641211	-0.0037575655092500003	
50.978331089019775	0.4941	-0.007939532	-0.003922922761199999	
51.22226929664612	0.49645	-0.008259228	-0.0041002937406	
51.46133470535278	0.4988	-0.00859786	-0.004288612568	
51.691611528396606	0.5012	-0.008960858	-0.0044911820296	
51.92656064033508	0.50355	-0.009333594	-0.004699931258700001	
52.16641354560852	0.5059	-0.009733778	-0.0049243182902	
52.41148853302002	0.50825	-0.01015736	-0.00516247822	
52.78598165512085	0.5106	-0.01059707	-0.005410863942000001	
53.021421909332275	0.51295	-0.01107055	-0.0056786386225	
53.26496458053589	0.5153	-0.01157236	-0.005963237108	
53.49375605583191	0.51765	-0.01209445	-0.006260692042500001	
53.73471188545227	0.52	-0.01265497	-0.0065805844	
53.980589866638184	0.52235	-0.01324795	-0.0069200666825	
54.2151312828064	0.5247	-0.01386638	-0.007275689586	
54.46222424507141	0.52705	-0.01452927	-0.007657651753500001	
54.70549273490906	0.5294	-0.01521855	-0.00805670037	
54.9601047039032	0.53175	-0.01595719	-0.0084852357825	
55.2064893245697	0.5341	-0.01673622	-0.008938815102	
55.44924020767212	0.53645	-0.01754637	-0.009412750186499999	
55.68247747421265	0.5388	-0.01841157	-0.009920153915999999	
55.92472529411316	0.5412	-0.01933675	-0.0104650491	
56.171000957489014	0.54355	-0.0202962	-0.01103199951	
56.40686321258545	0.5459	-0.02128929	-0.011621823411000001	
56.641714334487915	0.54825	-0.0223475	-0.012252016875	
56.8754198551178	0.5506	-0.02345796	-0.012915952776	
57.10285711288452	0.55295	-0.02460441	-0.013605008509500001	
57.338292837142944	0.5553	-0.02582513	-0.014340694689000002	
57.58020210266113	0.55765	-0.0271017	-0.015113263004999999	
57.81901431083679	0.56	-0.02841732	-0.015913699200000003	
58.0534725189209	0.56235	-0.02980711	-0.0167620283085	
58.29957890510559	0.5647	-0.03125678	-0.017650703666	
58.5390887260437	0.56705	-0.03274348	-0.018567190334000002	
58.782782554626465	0.5694	-0.03431095	-0.01953665493	
59.05069375038147	0.57175	-0.03593994	-0.020548660695	
59.29709577560425	0.5741	-0.03760347	-0.021588152127000004	
59.53529906272888	0.57645	-0.03935205	-0.0226844892225	
59.774797201156616	0.5788	-0.04115991	-0.023823355908	
60.024876832962036	0.5812	-0.04305609	-0.025024199508	
60.25474715232849	0.58355	-0.04495708	-0.026234704034000002	
60.48480200767517	0.5859	-0.04694639	-0.027505889901	
60.71928095817566	0.58825	-0.04899315	-0.028820220487500003	
60.96152091026306	0.5906	-0.0510698	-0.03016182388	
61.20513987541199	0.59295	-0.05323503	-0.0315657110385	
61.44606161117554	0.5953	-0.05545886	-0.033014659358	
61.68284034729004	0.59765	-0.05770388	-0.034486723882	
61.92726182937622	0.6	-0.06003864	-0.036023184	


