*! QVisaDatafile v1.1
*! Si Ref Lamp Stability 
#! bias 6e8107c
t		V		I		P		
0.3904910087585449	0.0	-0.1358336	-0.0	
0.7288153171539307	0.0	-0.1346195	-0.0	
1.0486323833465576	0.0	-0.1337468	-0.0	
1.3570680618286133	0.0	-0.1330844	-0.0	
1.6794099807739258	0.0	-0.1325011	-0.0	
2.0065813064575195	0.0	-0.1320022	-0.0	
2.3260345458984375	0.0	-0.1315883	-0.0	
2.641672372817993	0.0	-0.1311907	-0.0	
2.9615561962127686	0.0	-0.1308583	-0.0	
3.2737526893615723	0.0	-0.1305558	-0.0	
3.594433307647705	0.0	-0.130245	-0.0	
3.906465530395508	0.0	-0.1300118	-0.0	
4.232142448425293	0.0	-0.1297774	-0.0	
4.552677869796753	0.0	-0.1295346	-0.0	
4.868666410446167	0.0	-0.1293377	-0.0	
5.1824400424957275	0.0	-0.1291554	-0.0	
5.497559309005737	0.0	-0.1289797	-0.0	
5.818632364273071	0.0	-0.1288224	-0.0	
6.148599147796631	0.0	-0.1286536	-0.0	
6.4687111377716064	0.0	-0.1284921	-0.0	
6.786534070968628	0.0	-0.1283661	-0.0	
7.125176668167114	0.0	-0.1282222	-0.0	
7.446634769439697	0.0	-0.128108	-0.0	
7.783854722976685	0.0	-0.1279785	-0.0	
8.11989688873291	0.0	-0.127875	-0.0	
8.435457468032837	0.0	-0.1277654	-0.0	
8.75868034362793	0.0	-0.1276573	-0.0	
9.078163146972656	0.0	-0.1275885	-0.0	
9.38676381111145	0.0	-0.1274942	-0.0	
9.698816776275635	0.0	-0.1274066	-0.0	
10.012636661529541	0.0	-0.1273399	-0.0	
10.328968524932861	0.0	-0.1272777	-0.0	
10.641668319702148	0.0	-0.1272097	-0.0	
10.952178478240967	0.0	-0.1271325	-0.0	
11.267003059387207	0.0	-0.127065	-0.0	
11.578542470932007	0.0	-0.127012	-0.0	
11.898698091506958	0.0	-0.1269515	-0.0	
12.198636054992676	0.0	-0.1269043	-0.0	
12.508594274520874	0.0	-0.1268571	-0.0	
12.843376159667969	0.0	-0.1267914	-0.0	
13.157061338424683	0.0	-0.1267496	-0.0	
13.470043659210205	0.0	-0.1266992	-0.0	
13.788606405258179	0.0	-0.1266386	-0.0	
14.107944965362549	0.0	-0.1266149	-0.0	
14.42114520072937	0.0	-0.1265807	-0.0	
14.732598304748535	0.0	-0.1265406	-0.0	
15.050999164581299	0.0	-0.1265001	-0.0	
15.36461591720581	0.0	-0.1264667	-0.0	
15.686607837677002	0.0	-0.1264238	-0.0	
16.008991956710815	0.0	-0.1263949	-0.0	
16.32725191116333	0.0	-0.1263649	-0.0	
16.64868688583374	0.0	-0.1263415	-0.0	
16.968674182891846	0.0	-0.1262961	-0.0	
17.274796962738037	0.0	-0.1262719	-0.0	
17.593300342559814	0.0	-0.1262432	-0.0	
17.894924640655518	0.0	-0.1262193	-0.0	
18.217079162597656	0.0	-0.126196	-0.0	
18.536482095718384	0.0	-0.1261714	-0.0	
18.856607913970947	0.0	-0.1261489	-0.0	
19.17445468902588	0.0	-0.126118	-0.0	
19.49187970161438	0.0	-0.1261088	-0.0	
19.808612823486328	0.0	-0.1260817	-0.0	
20.130090713500977	0.0	-0.1260596	-0.0	
20.454946756362915	0.0	-0.126045	-0.0	
20.788609981536865	0.0	-0.126017	-0.0	
21.106147527694702	0.0	-0.125995	-0.0	
21.417316913604736	0.0	-0.1259787	-0.0	
21.73863649368286	0.0	-0.1259728	-0.0	
22.04861283302307	0.0	-0.1259437	-0.0	
22.364015817642212	0.0	-0.1259298	-0.0	
22.678675413131714	0.0	-0.1259207	-0.0	
22.991600036621094	0.0	-0.1259061	-0.0	
23.290712118148804	0.0	-0.1258906	-0.0	
23.603771209716797	0.0	-0.1258748	-0.0	
23.917696952819824	0.0	-0.1258564	-0.0	
24.230898141860962	0.0	-0.1258501	-0.0	
24.542619705200195	0.0	-0.1258398	-0.0	
24.86061120033264	0.0	-0.1258222	-0.0	
25.17259645462036	0.0	-0.1258068	-0.0	
25.489519357681274	0.0	-0.1257984	-0.0	
25.80482053756714	0.0	-0.1257984	-0.0	
26.139336585998535	0.0	-0.1257771	-0.0	
26.453821420669556	0.0	-0.1257629	-0.0	
26.768622398376465	0.0	-0.1257505	-0.0	
27.100632667541504	0.0	-0.1257337	-0.0	
27.40997076034546	0.0	-0.1257221	-0.0	
27.721808195114136	0.0	-0.1257188	-0.0	
28.038152933120728	0.0	-0.1257146	-0.0	
28.34865927696228	0.0	-0.1256933	-0.0	
28.66976046562195	0.0	-0.1256913	-0.0	
28.968624591827393	0.0	-0.1256799	-0.0	
29.282944202423096	0.0	-0.1256749	-0.0	
29.599154472351074	0.0	-0.1256699	-0.0	
29.912607431411743	0.0	-0.1256599	-0.0	
30.23580241203308	0.0	-0.1256575	-0.0	
30.548635721206665	0.0	-0.1256495	-0.0	
30.868640184402466	0.0	-0.1256324	-0.0	
31.188602447509766	0.0	-0.1256282	-0.0	
31.502814531326294	0.0	-0.1256228	-0.0	
31.82495903968811	0.0	-0.1256012	-0.0	
32.154338359832764	0.0	-0.1255999	-0.0	
32.47680926322937	0.0	-0.1255961	-0.0	
32.78831601142883	0.0	-0.1255865	-0.0	
33.10633206367493	0.0	-0.125581	-0.0	
33.42224454879761	0.0	-0.1255682	-0.0	
33.74215817451477	0.0	-0.1255644	-0.0	
34.046019315719604	0.0	-0.1255564	-0.0	
34.36179971694946	0.0	-0.1255589	-0.0	
34.681591510772705	0.0	-0.1255507	-0.0	
35.00161838531494	0.0	-0.1255423	-0.0	
35.31262969970703	0.0	-0.1255406	-0.0	
35.63292407989502	0.0	-0.1255344	-0.0	
35.95295548439026	0.0	-0.1255218	-0.0	
36.26863193511963	0.0	-0.1255206	-0.0	
36.58844041824341	0.0	-0.1255165	-0.0	
36.90466785430908	0.0	-0.1255026	-0.0	
37.226433753967285	0.0	-0.1255023	-0.0	
37.54040884971619	0.0	-0.1254981	-0.0	
37.852951765060425	0.0	-0.1254905	-0.0	
38.16918969154358	0.0	-0.1254919	-0.0	
38.484614849090576	0.0	-0.1254835	-0.0	
38.800615549087524	0.0	-0.1254818	-0.0	
39.11698031425476	0.0	-0.1254626	-0.0	
39.43263244628906	0.0	-0.1254693	-0.0	
39.75260376930237	0.0	-0.1254639	-0.0	
40.07263922691345	0.0	-0.1254609	-0.0	
40.39260530471802	0.0	-0.1254584	-0.0	
40.709206104278564	0.0	-0.1254497	-0.0	
41.008657693862915	0.0	-0.125448	-0.0	
41.328601121902466	0.0	-0.1254435	-0.0	
41.64087724685669	0.0	-0.1254372	-0.0	
41.956660985946655	0.0	-0.1254275	-0.0	
42.268632888793945	0.0	-0.1254309	-0.0	
42.578633069992065	0.0	-0.1254251	-0.0	
42.89877676963806	0.0	-0.1254121	-0.0	
43.21858239173889	0.0	-0.1254234	-0.0	
43.53269958496094	0.0	-0.1254068	-0.0	
43.85857009887695	0.0	-0.1254041	-0.0	
44.1769962310791	0.0	-0.1253984	-0.0	
44.487584829330444	0.0	-0.1253983	-0.0	
44.8036675453186	0.0	-0.1253937	-0.0	
45.13292169570923	0.0	-0.1253933	-0.0	
45.44482755661011	0.0	-0.1253897	-0.0	
45.75458359718323	0.0	-0.1253859	-0.0	
46.068633794784546	0.0	-0.1253796	-0.0	
46.37995219230652	0.0	-0.1253692	-0.0	
46.699169635772705	0.0	-0.1253687	-0.0	
47.01263070106506	0.0	-0.1253638	-0.0	
47.32863092422485	0.0	-0.1253592	-0.0	
47.63911533355713	0.0	-0.1253621	-0.0	
47.959672927856445	0.0	-0.1253525	-0.0	
48.27396845817566	0.0	-0.125358	-0.0	
48.594271421432495	0.0	-0.1253487	-0.0	
48.912352323532104	0.0	-0.1253479	-0.0	
49.22863054275513	0.0	-0.125347	-0.0	
49.54926347732544	0.0	-0.125342	-0.0	
49.86124300956726	0.0	-0.1253346	-0.0	
50.17860436439514	0.0	-0.1253196	-0.0	
50.490752935409546	0.0	-0.1253324	-0.0	
50.81438970565796	0.0	-0.1253249	-0.0	
51.120625019073486	0.0	-0.1253266	-0.0	
51.43870711326599	0.0	-0.1253178	-0.0	
51.75475215911865	0.0	-0.1253141	-0.0	
52.07662343978882	0.0	-0.1253167	-0.0	
52.396172761917114	0.0	-0.1253095	-0.0	
52.713563203811646	0.0	-0.1253195	-0.0	
53.034615993499756	0.0	-0.1253045	-0.0	
53.34435820579529	0.0	-0.125297	-0.0	
53.66021537780762	0.0	-0.1252983	-0.0	
53.970619440078735	0.0	-0.1253007	-0.0	
54.28861331939697	0.0	-0.1252853	-0.0	
54.59978461265564	0.0	-0.1252899	-0.0	
54.920552253723145	0.0	-0.1252915	-0.0	
55.23245024681091	0.0	-0.1252786	-0.0	
55.550615549087524	0.0	-0.1252921	-0.0	
55.86188888549805	0.0	-0.1252711	-0.0	
56.163437604904175	0.0	-0.1252741	-0.0	
56.4826397895813	0.0	-0.1252838	-0.0	
56.7986216545105	0.0	-0.1252624	-0.0	
57.11863136291504	0.0	-0.1252695	-0.0	
57.43861436843872	0.0	-0.1252716	-0.0	
57.7587730884552	0.0	-0.1252511	-0.0	
58.07533121109009	0.0	-0.1252632	-0.0	
58.396748065948486	0.0	-0.125254	-0.0	
58.71490716934204	0.0	-0.1252549	-0.0	
59.03148126602173	0.0	-0.1252436	-0.0	
59.34462308883667	0.0	-0.125254	-0.0	
59.6709258556366	0.0	-0.1252494	-0.0	
59.99012780189514	0.0	-0.1252491	-0.0	
60.30263376235962	0.0	-0.1252453	-0.0	
60.619953870773315	0.0	-0.1252353	-0.0	
60.93860745429993	0.0	-0.1252374	-0.0	
61.2386360168457	0.0	-0.1252327	-0.0	
61.55622434616089	0.0	-0.1252294	-0.0	
61.876911878585815	0.0	-0.1252236	-0.0	
62.19075107574463	0.0	-0.1252278	-0.0	
62.50831365585327	0.0	-0.1252245	-0.0	
62.82438349723816	0.0	-0.1252152	-0.0	
63.142767906188965	0.0	-0.1252095	-0.0	
63.45847821235657	0.0	-0.1252123	-0.0	
63.773314237594604	0.0	-0.125219	-0.0	
64.08657741546631	0.0	-0.1252139	-0.0	
64.4057228565216	0.0	-0.1251948	-0.0	
64.7355010509491	0.0	-0.1252086	-0.0	
65.05221056938171	0.0	-0.1252077	-0.0	
65.3672513961792	0.0	-0.1252015	-0.0	
65.68207955360413	0.0	-0.125196	-0.0	
65.99861431121826	0.0	-0.1252053	-0.0	
66.31861972808838	0.0	-0.1251964	-0.0	
66.62991905212402	0.0	-0.1252011	-0.0	
66.9594235420227	0.0	-0.1251844	-0.0	
67.26616048812866	0.0	-0.1251931	-0.0	
67.58835124969482	0.0	-0.1251952	-0.0	
67.87106156349182	0.0	-0.1251844	-0.0	
68.18959355354309	0.0	-0.1251852	-0.0	
68.50860261917114	0.0	-0.1251702	-0.0	
68.82576274871826	0.0	-0.1251736	-0.0	
69.14861512184143	0.0	-0.1251777	-0.0	
69.4704761505127	0.0	-0.1251719	-0.0	
69.78884363174438	0.0	-0.1251702	-0.0	
70.11839842796326	0.0	-0.1251552	-0.0	
70.43553519248962	0.0	-0.1251581	-0.0	
70.75661969184875	0.0	-0.1251631	-0.0	
71.06863069534302	0.0	-0.1251627	-0.0	
71.38415431976318	0.0	-0.1251694	-0.0	
71.70063376426697	0.0	-0.1251547	-0.0	
72.02262759208679	0.0	-0.1251522	-0.0	
72.34672689437866	0.0	-0.1251611	-0.0	
72.67186450958252	0.0	-0.1251551	-0.0	
72.98862147331238	0.0	-0.1251415	-0.0	
73.31062865257263	0.0	-0.1251409	-0.0	
73.62402367591858	0.0	-0.1251381	-0.0	
73.94660639762878	0.0	-0.1251352	-0.0	
74.26669383049011	0.0	-0.1251418	-0.0	
74.58031058311462	0.0	-0.1251343	-0.0	
74.90051078796387	0.0	-0.1251206	-0.0	
75.21263337135315	0.0	-0.1251318	-0.0	
75.52934646606445	0.0	-0.1251306	-0.0	
75.84469842910767	0.0	-0.1251264	-0.0	
76.16733717918396	0.0	-0.1251214	-0.0	
76.49212527275085	0.0	-0.1251164	-0.0	
76.80859613418579	0.0	-0.1251156	-0.0	
77.13937950134277	0.0	-0.1251177	-0.0	
77.45661616325378	0.0	-0.1251214	-0.0	
77.77044773101807	0.0	-0.1251077	-0.0	
78.08989381790161	0.0	-0.1251047	-0.0	
78.40315198898315	0.0	-0.1251126	-0.0	
78.70861887931824	0.0	-0.1251101	-0.0	
79.0294234752655	0.0	-0.1251093	-0.0	
79.3506212234497	0.0	-0.1251089	-0.0	
79.67199277877808	0.0	-0.1251018	-0.0	
79.98866891860962	0.0	-0.1251014	-0.0	
80.30396628379822	0.0	-0.1250893	-0.0	
80.6180956363678	0.0	-0.1250981	-0.0	
80.93611788749695	0.0	-0.1250943	-0.0	
81.26062440872192	0.0	-0.1250963	-0.0	
81.57765984535217	0.0	-0.1250876	-0.0	
81.89869809150696	0.0	-0.1250822	-0.0	
82.21865558624268	0.0	-0.1250785	-0.0	
82.53048157691956	0.0	-0.1250756	-0.0	
82.84712076187134	0.0	-0.1250709	-0.0	
83.16158652305603	0.0	-0.1250821	-0.0	
83.45502233505249	0.0	-0.1250713	-0.0	
83.75144076347351	0.0	-0.1250697	-0.0	
84.06035995483398	0.0	-0.1250726	-0.0	
84.38253355026245	0.0	-0.1250693	-0.0	
84.69518661499023	0.0	-0.1250784	-0.0	
85.00868129730225	0.0	-0.1250743	-0.0	
85.32030844688416	0.0	-0.1250692	-0.0	
85.63663649559021	0.0	-0.1250709	-0.0	
85.94862627983093	0.0	-0.125058	-0.0	
86.25997805595398	0.0	-0.125055	-0.0	
86.57261824607849	0.0	-0.125043	-0.0	
86.89378070831299	0.0	-0.1250538	-0.0	
87.20674920082092	0.0	-0.1250496	-0.0	
87.52328372001648	0.0	-0.1250584	-0.0	
87.83106231689453	0.0	-0.1250471	-0.0	
88.14570450782776	0.0	-0.1250425	-0.0	
88.46605181694031	0.0	-0.1250413	-0.0	
88.77933526039124	0.0	-0.1250459	-0.0	
89.09869050979614	0.0	-0.1250363	-0.0	
89.42094397544861	0.0	-0.1250404	-0.0	
89.73368000984192	0.0	-0.1250317	-0.0	
90.04862141609192	0.0	-0.1250384	-0.0	
90.35974478721619	0.0	-0.1250329	-0.0	
90.67686915397644	0.0	-0.1250372	-0.0	
90.98662185668945	0.0	-0.1250208	-0.0	
91.30434536933899	0.0	-0.1250276	-0.0	
91.61414241790771	0.0	-0.1250204	-0.0	
91.9270224571228	0.0	-0.1250305	-0.0	
92.24533104896545	0.0	-0.1250151	-0.0	
92.5597984790802	0.0	-0.1250179	-0.0	
92.87167024612427	0.0	-0.1250096	-0.0	
93.18175029754639	0.0	-0.1250212	-0.0	
93.5078136920929	0.0	-0.1250129	-0.0	
93.81756734848022	0.0	-0.1250046	-0.0	
94.13792896270752	0.0	-0.1250021	-0.0	
94.45423769950867	0.0	-0.1250083	-0.0	
94.76925134658813	0.0	-0.1250116	-0.0	
95.08362555503845	0.0	-0.1250079	-0.0	
95.397057056427	0.0	-0.1249916	-0.0	
95.71821308135986	0.0	-0.1249988	-0.0	
96.02825474739075	0.0	-0.1250104	-0.0	
96.34716987609863	0.0	-0.1249829	-0.0	
96.66060471534729	0.0	-0.124995	-0.0	
96.97952556610107	0.0	-0.1249967	-0.0	
97.29175448417664	0.0	-0.1249953	-0.0	
97.60976457595825	0.0	-0.124985	-0.0	
97.92864608764648	0.0	-0.1249778	-0.0	
98.24637818336487	0.0	-0.1249792	-0.0	
98.56146144866943	0.0	-0.1249858	-0.0	
98.86726403236389	0.0	-0.1249791	-0.0	
99.18209958076477	0.0	-0.124975	-0.0	
99.50868320465088	0.0	-0.1249791	-0.0	
99.82764530181885	0.0	-0.1249749	-0.0	
100.14581871032715	0.0	-0.1249658	-0.0	
100.4626317024231	0.0	-0.1249791	-0.0	
100.78125953674316	0.0	-0.1249875	-0.0	
101.101065158844	0.0	-0.1249641	-0.0	
101.41874647140503	0.0	-0.1249682	-0.0	
101.73317122459412	0.0	-0.1249745	-0.0	
102.05000400543213	0.0	-0.1249599	-0.0	
102.36262202262878	0.0	-0.1249525	-0.0	
102.67842721939087	0.0	-0.1249658	-0.0	
102.98867464065552	0.0	-0.1249616	-0.0	
103.30867147445679	0.0	-0.1249641	-0.0	
103.60457491874695	0.0	-0.1249558	-0.0	
103.90468502044678	0.0	-0.1249544	-0.0	
104.22019696235657	0.0	-0.1249458	-0.0	
104.54214596748352	0.0	-0.124952	-0.0	
104.85233688354492	0.0	-0.1249669	-0.0	
105.16661500930786	0.0	-0.1249492	-0.0	
105.4772093296051	0.0	-0.1249458	-0.0	
105.79232001304626	0.0	-0.1249441	-0.0	
106.10865020751953	0.0	-0.1249416	-0.0	
106.42436242103577	0.0	-0.1249324	-0.0	
106.73808240890503	0.0	-0.1249478	-0.0	
107.05512857437134	0.0	-0.124944	-0.0	
107.36863040924072	0.0	-0.1249282	-0.0	
107.68827486038208	0.0	-0.1249153	-0.0	
107.98555541038513	0.0	-0.1249357	-0.0	
108.29866814613342	0.0	-0.1249278	-0.0	
108.62242126464844	0.0	-0.1249333	-0.0	
108.9371874332428	0.0	-0.1249236	-0.0	
109.25779366493225	0.0	-0.1249237	-0.0	
109.58319973945618	0.0	-0.1249178	-0.0	
109.89835476875305	0.0	-0.124922	-0.0	
110.21357417106628	0.0	-0.1249199	-0.0	
110.52865624427795	0.0	-0.1249191	-0.0	
110.84697985649109	0.0	-0.1249128	-0.0	
111.15367317199707	0.0	-0.1249091	-0.0	
111.47153306007385	0.0	-0.1249194	-0.0	
111.78397035598755	0.0	-0.1249132	-0.0	
112.10257387161255	0.0	-0.1249148	-0.0	
112.42661261558533	0.0	-0.1249074	-0.0	
112.73801159858704	0.0	-0.1249094	-0.0	
113.03864550590515	0.0	-0.1249057	-0.0	
113.35351061820984	0.0	-0.1249003	-0.0	
113.67597842216492	0.0	-0.1249023	-0.0	
113.99982953071594	0.0	-0.1249157	-0.0	
114.32241559028625	0.0	-0.124902	-0.0	
114.64300227165222	0.0	-0.1249028	-0.0	
114.95820116996765	0.0	-0.1249032	-0.0	
115.28070974349976	0.0	-0.1249052	-0.0	
115.59259247779846	0.0	-0.1248886	-0.0	
115.9101026058197	0.0	-0.1248895	-0.0	
116.22263312339783	0.0	-0.1248873	-0.0	
116.54677271842957	0.0	-0.1248899	-0.0	
116.86862754821777	0.0	-0.1248899	-0.0	
117.18386459350586	0.0	-0.1248903	-0.0	
117.50067162513733	0.0	-0.1248869	-0.0	
117.8120276927948	0.0	-0.1248894	-0.0	
118.11863565444946	0.0	-0.1248752	-0.0	
118.4323935508728	0.0	-0.1248853	-0.0	
118.75544857978821	0.0	-0.1248865	-0.0	
119.06336832046509	0.0	-0.124889	-0.0	
119.37959933280945	0.0	-0.1248878	-0.0	
119.70565986633301	0.0	-0.1248744	-0.0	
120.02002739906311	0.0	-0.1248752	-0.0	
120.33244442939758	0.0	-0.1248873	-0.0	
120.65020513534546	0.0	-0.1248728	-0.0	
120.96153259277344	0.0	-0.1248728	-0.0	
121.2859537601471	0.0	-0.1248765	-0.0	
121.61713647842407	0.0	-0.1248752	-0.0	
121.94257378578186	0.0	-0.1248774	-0.0	
122.25862765312195	0.0	-0.1248749	-0.0	
122.5736916065216	0.0	-0.124869	-0.0	
122.88398027420044	0.0	-0.1248737	-0.0	
123.20262241363525	0.0	-0.1248619	-0.0	
123.52271461486816	0.0	-0.1248644	-0.0	
123.84398055076599	0.0	-0.1248606	-0.0	
124.1598641872406	0.0	-0.1248535	-0.0	
124.47138142585754	0.0	-0.1248514	-0.0	
124.78935527801514	0.0	-0.124862	-0.0	
125.10921597480774	0.0	-0.1248519	-0.0	
125.42425298690796	0.0	-0.1248553	-0.0	
125.7335786819458	0.0	-0.1248565	-0.0	
126.05262303352356	0.0	-0.1248577	-0.0	
126.36935472488403	0.0	-0.1248411	-0.0	
126.66887879371643	0.0	-0.124859	-0.0	
126.98736906051636	0.0	-0.1248444	-0.0	
127.28146934509277	0.0	-0.1248561	-0.0	
127.59413743019104	0.0	-0.1248548	-0.0	
127.91075992584229	0.0	-0.124849	-0.0	
128.21982526779175	0.0	-0.1248411	-0.0	
128.53672003746033	0.0	-0.124849	-0.0	
128.84473514556885	0.0	-0.1248465	-0.0	
129.1413059234619	0.0	-0.124844	-0.0	
129.45557737350464	0.0	-0.1248452	-0.0	
129.7801969051361	0.0	-0.1248327	-0.0	
130.1043438911438	0.0	-0.1248385	-0.0	
130.42857146263123	0.0	-0.1248406	-0.0	
130.74262738227844	0.0	-0.1248302	-0.0	
131.0606963634491	0.0	-0.1248298	-0.0	
131.37935638427734	0.0	-0.1248289	-0.0	
131.70186591148376	0.0	-0.1248264	-0.0	
132.0185945034027	0.0	-0.1248277	-0.0	
132.33462119102478	0.0	-0.1248231	-0.0	
132.65263748168945	0.0	-0.1248261	-0.0	
132.9635727405548	0.0	-0.1248164	-0.0	
133.28310680389404	0.0	-0.1248244	-0.0	
133.60043454170227	0.0	-0.1248218	-0.0	
133.91300511360168	0.0	-0.1248102	-0.0	
134.22121858596802	0.0	-0.1248211	-0.0	
134.54226875305176	0.0	-0.1248176	-0.0	
134.8383984565735	0.0	-0.1248223	-0.0	
135.15660881996155	0.0	-0.1248227	-0.0	
135.47441387176514	0.0	-0.124821	-0.0	
135.78864216804504	0.0	-0.1248106	-0.0	
136.11237049102783	0.0	-0.1248081	-0.0	
136.4324815273285	0.0	-0.1248085	-0.0	
136.752210855484	0.0	-0.1248043	-0.0	
137.07036018371582	0.0	-0.1248085	-0.0	
137.39259314537048	0.0	-0.124814	-0.0	
137.7085440158844	0.0	-0.1248048	-0.0	
138.02700972557068	0.0	-0.1247981	-0.0	
138.34863090515137	0.0	-0.1247968	-0.0	
138.662682056427	0.0	-0.1248027	-0.0	
138.97829961776733	0.0	-0.1248101	-0.0	
139.28864336013794	0.0	-0.1247934	-0.0	
139.60856986045837	0.0	-0.1247842	-0.0	
139.9185335636139	0.0	-0.1248014	-0.0	
140.24263954162598	0.0	-0.1247968	-0.0	
140.55633997917175	0.0	-0.1247951	-0.0	
140.87412548065186	0.0	-0.1247935	-0.0	
141.19833040237427	0.0	-0.1247909	-0.0	
141.51114463806152	0.0	-0.1247818	-0.0	
141.81377625465393	0.0	-0.1247892	-0.0	
142.14861536026	0.0	-0.1247781	-0.0	
142.4670717716217	0.0	-0.1247847	-0.0	
142.78183817863464	0.0	-0.1247884	-0.0	
143.10700130462646	0.0	-0.1247785	-0.0	
143.42861008644104	0.0	-0.1247809	-0.0	
143.75178170204163	0.0	-0.124781	-0.0	
144.07260131835938	0.0	-0.1247777	-0.0	
144.3885247707367	0.0	-0.1247702	-0.0	
144.70344805717468	0.0	-0.1247751	-0.0	
145.01861906051636	0.0	-0.1247801	-0.0	
145.33910655975342	0.0	-0.1247739	-0.0	
145.65261673927307	0.0	-0.1247768	-0.0	
145.9715371131897	0.0	-0.1247818	-0.0	
146.28709769248962	0.0	-0.1247623	-0.0	
146.6085982322693	0.0	-0.1247739	-0.0	
146.9304747581482	0.0	-0.1247772	-0.0	
147.2466175556183	0.0	-0.1247693	-0.0	
147.56619715690613	0.0	-0.1247755	-0.0	
147.8855743408203	0.0	-0.124766	-0.0	
148.19957399368286	0.0	-0.1247626	-0.0	
148.52502942085266	0.0	-0.1247668	-0.0	
148.84662246704102	0.0	-0.1247676	-0.0	
149.1625964641571	0.0	-0.1247568	-0.0	
149.48462533950806	0.0	-0.1247527	-0.0	
149.80240988731384	0.0	-0.1247606	-0.0	
150.12862753868103	0.0	-0.1247692	-0.0	
150.45082831382751	0.0	-0.1247551	-0.0	
150.7739772796631	0.0	-0.1247606	-0.0	
151.07724475860596	0.0	-0.1247539	-0.0	
151.39660477638245	0.0	-0.1247468	-0.0	
151.7129089832306	0.0	-0.1247567	-0.0	
152.03333497047424	0.0	-0.1247559	-0.0	
152.34866571426392	0.0	-0.1247501	-0.0	
152.66814160346985	0.0	-0.1247559	-0.0	
152.9947383403778	0.0	-0.124743	-0.0	
153.3147165775299	0.0	-0.124746	-0.0	
153.63594222068787	0.0	-0.1247368	-0.0	
153.9574339389801	0.0	-0.124753	-0.0	
154.2841763496399	0.0	-0.1247384	-0.0	
154.6005916595459	0.0	-0.1247467	-0.0	
154.91681289672852	0.0	-0.1247456	-0.0	
155.23866319656372	0.0	-0.1247446	-0.0	
155.5485954284668	0.0	-0.1247505	-0.0	
155.87037682533264	0.0	-0.1247301	-0.0	
156.19069075584412	0.0	-0.1247334	-0.0	
156.5087811946869	0.0	-0.1247406	-0.0	
156.8296308517456	0.0	-0.1247401	-0.0	
157.14859199523926	0.0	-0.1247346	-0.0	
157.468674659729	0.0	-0.124738	-0.0	
157.7809865474701	0.0	-0.1247341	-0.0	
158.10268807411194	0.0	-0.1247355	-0.0	
158.4132580757141	0.0	-0.1247431	-0.0	
158.73074579238892	0.0	-0.1247372	-0.0	
159.05037212371826	0.0	-0.1247347	-0.0	
159.37368369102478	0.0	-0.1247301	-0.0	
159.69331431388855	0.0	-0.1247297	-0.0	
160.02567863464355	0.0	-0.1247296	-0.0	
160.3443968296051	0.0	-0.1247222	-0.0	
160.66694736480713	0.0	-0.1247326	-0.0	
160.9806718826294	0.0	-0.1247338	-0.0	
161.30304098129272	0.0	-0.1247214	-0.0	
161.6186170578003	0.0	-0.1247106	-0.0	
161.94948554039001	0.0	-0.1247225	-0.0	
162.27056789398193	0.0	-0.1247134	-0.0	
162.59263253211975	0.0	-0.1247225	-0.0	
162.90892934799194	0.0	-0.1247267	-0.0	
163.22869491577148	0.0	-0.1247255	-0.0	
163.55256056785583	0.0	-0.1247151	-0.0	
163.87157011032104	0.0	-0.1247181	-0.0	
164.1914927959442	0.0	-0.1247068	-0.0	
164.48096752166748	0.0	-0.1247176	-0.0	
164.77455830574036	0.0	-0.1247071	-0.0	
165.07815074920654	0.0	-0.1247101	-0.0	
165.37637162208557	0.0	-0.1247188	-0.0	
165.66273403167725	0.0	-0.1247151	-0.0	
165.98119926452637	0.0	-0.1247105	-0.0	
166.29785227775574	0.0	-0.1247101	-0.0	
166.61503791809082	0.0	-0.1247079	-0.0	
166.92882657051086	0.0	-0.1247	-0.0	
167.24868655204773	0.0	-0.1246996	-0.0	
167.56858563423157	0.0	-0.1247097	-0.0	
167.88684248924255	0.0	-0.1247096	-0.0	
168.20712161064148	0.0	-0.1247054	-0.0	
168.50661325454712	0.0	-0.1247075	-0.0	
168.83239102363586	0.0	-0.1247042	-0.0	
169.13194370269775	0.0	-0.1247012	-0.0	
169.44842100143433	0.0	-0.1246983	-0.0	
169.76848101615906	0.0	-0.1246959	-0.0	
170.10435390472412	0.0	-0.1247013	-0.0	
170.42591285705566	0.0	-0.1246992	-0.0	
170.74511241912842	0.0	-0.1246979	-0.0	
171.0686469078064	0.0	-0.1246988	-0.0	
171.38497376441956	0.0	-0.1246983	-0.0	
171.70037722587585	0.0	-0.1246962	-0.0	
172.02184677124023	0.0	-0.1246983	-0.0	
172.34436225891113	0.0	-0.124695	-0.0	
172.65861892700195	0.0	-0.1247	-0.0	
172.97431683540344	0.0	-0.1246971	-0.0	
173.29434633255005	0.0	-0.12469	-0.0	
173.61262798309326	0.0	-0.1246913	-0.0	
173.93246126174927	0.0	-0.1246992	-0.0	
174.24677181243896	0.0	-0.1246941	-0.0	
174.56062507629395	0.0	-0.124687	-0.0	
174.87492895126343	0.0	-0.1246991	-0.0	
175.18129897117615	0.0	-0.124688	-0.0	
175.49802160263062	0.0	-0.12468	-0.0	
175.81916642189026	0.0	-0.1246871	-0.0	
176.14518022537231	0.0	-0.1246792	-0.0	
176.46462750434875	0.0	-0.1246813	-0.0	
176.78420639038086	0.0	-0.1246825	-0.0	
177.07887077331543	0.0	-0.1246771	-0.0	
177.39909029006958	0.0	-0.1246779	-0.0	
177.72105288505554	0.0	-0.1246829	-0.0	
178.03980159759521	0.0	-0.1246762	-0.0	
178.35520315170288	0.0	-0.1246796	-0.0	
178.67044734954834	0.0	-0.1246854	-0.0	
178.98381233215332	0.0	-0.1246738	-0.0	
179.27125883102417	0.0	-0.1246804	-0.0	
179.5641062259674	0.0	-0.1246729	-0.0	
179.87834000587463	0.0	-0.1246704	-0.0	
180.19862246513367	0.0	-0.1246771	-0.0	
180.5126349925995	0.0	-0.1246762	-0.0	
180.83824491500854	0.0	-0.1246741	-0.0	
181.1606307029724	0.0	-0.1246638	-0.0	
181.47110080718994	0.0	-0.1246666	-0.0	
181.79036808013916	0.0	-0.1246667	-0.0	
182.11222076416016	0.0	-0.1246746	-0.0	
182.42958116531372	0.0	-0.1246704	-0.0	
182.75344944000244	0.0	-0.1246675	-0.0	
183.0666184425354	0.0	-0.1246595	-0.0	
183.3847212791443	0.0	-0.1246596	-0.0	
183.70173048973083	0.0	-0.1246713	-0.0	
184.01860642433167	0.0	-0.1246617	-0.0	
184.33859992027283	0.0	-0.1246662	-0.0	
184.65261244773865	0.0	-0.1246725	-0.0	
184.9702866077423	0.0	-0.1246683	-0.0	
185.2778103351593	0.0	-0.1246562	-0.0	
185.6038203239441	0.0	-0.1246596	-0.0	
185.92743468284607	0.0	-0.1246625	-0.0	
186.2486274242401	0.0	-0.12466	-0.0	
186.56660532951355	0.0	-0.1246537	-0.0	
186.90817546844482	0.0	-0.1246524	-0.0	
187.22866106033325	0.0	-0.1246592	-0.0	
187.54884386062622	0.0	-0.124655	-0.0	
187.86144876480103	0.0	-0.1246537	-0.0	
188.18039727210999	0.0	-0.1246509	-0.0	
188.48775601387024	0.0	-0.1246495	-0.0	
188.8066668510437	0.0	-0.1246511	-0.0	
189.12863421440125	0.0	-0.1246525	-0.0	
189.44662976264954	0.0	-0.1246633	-0.0	
189.76969456672668	0.0	-0.1246483	-0.0	
190.08262515068054	0.0	-0.1246479	-0.0	
190.39842796325684	0.0	-0.1246528	-0.0	
190.71495819091797	0.0	-0.1246634	-0.0	
191.03435468673706	0.0	-0.1246429	-0.0	
191.3586003780365	0.0	-0.1246416	-0.0	
191.67468190193176	0.0	-0.1246449	-0.0	
191.99325323104858	0.0	-0.1246346	-0.0	
192.31177043914795	0.0	-0.124632	-0.0	
192.63029670715332	0.0	-0.1246466	-0.0	
192.95154285430908	0.0	-0.1246375	-0.0	
193.2690839767456	0.0	-0.1246495	-0.0	
193.5886254310608	0.0	-0.124642	-0.0	
193.90874481201172	0.0	-0.1246374	-0.0	
194.22420454025269	0.0	-0.1246396	-0.0	
194.54312086105347	0.0	-0.1246429	-0.0	
194.85617351531982	0.0	-0.12464	-0.0	
195.18810176849365	0.0	-0.1246429	-0.0	
195.4839289188385	0.0	-0.1246308	-0.0	
195.7786295413971	0.0	-0.1246421	-0.0	
196.11343955993652	0.0	-0.1246329	-0.0	
196.43764424324036	0.0	-0.1246246	-0.0	
196.76224517822266	0.0	-0.1246328	-0.0	
197.08887481689453	0.0	-0.1246291	-0.0	
197.40861678123474	0.0	-0.1246324	-0.0	
197.7240719795227	0.0	-0.1246283	-0.0	
198.0486307144165	0.0	-0.1246303	-0.0	
198.3686215877533	0.0	-0.1246338	-0.0	
198.69610142707825	0.0	-0.124622	-0.0	
199.0186047554016	0.0	-0.1246262	-0.0	
199.3526439666748	0.0	-0.1246224	-0.0	
199.67859816551208	0.0	-0.1246232	-0.0	
199.99519801139832	0.0	-0.1246216	-0.0	
200.3101634979248	0.0	-0.1246228	-0.0	
200.63468146324158	0.0	-0.1246241	-0.0	
200.95288705825806	0.0	-0.1246187	-0.0	
201.26900935173035	0.0	-0.1246211	-0.0	
201.59158539772034	0.0	-0.1246308	-0.0	
201.90656304359436	0.0	-0.1246129	-0.0	
202.22864818572998	0.0	-0.1246162	-0.0	
202.5435984134674	0.0	-0.1246216	-0.0	
202.86382722854614	0.0	-0.1246157	-0.0	
203.1866204738617	0.0	-0.1246187	-0.0	
203.51011681556702	0.0	-0.1246195	-0.0	
203.82461047172546	0.0	-0.1246149	-0.0	
204.1588032245636	0.0	-0.1246127	-0.0	
204.47781777381897	0.0	-0.1246236	-0.0	
204.80019354820251	0.0	-0.1246078	-0.0	
205.12208366394043	0.0	-0.1246049	-0.0	
205.43136954307556	0.0	-0.1246075	-0.0	
205.74399876594543	0.0	-0.1246058	-0.0	
206.06316900253296	0.0	-0.1246062	-0.0	
206.37661790847778	0.0	-0.1246082	-0.0	
206.69081711769104	0.0	-0.1246095	-0.0	
207.00444412231445	0.0	-0.1246057	-0.0	
207.31591200828552	0.0	-0.1246073	-0.0	
207.6311731338501	0.0	-0.1246028	-0.0	
207.95264792442322	0.0	-0.1245999	-0.0	
208.2715916633606	0.0	-0.1246077	-0.0	
208.5879898071289	0.0	-0.1246053	-0.0	
208.90860557556152	0.0	-0.124604	-0.0	
209.2225911617279	0.0	-0.1245974	-0.0	
209.54180240631104	0.0	-0.1245995	-0.0	
209.85617995262146	0.0	-0.1246007	-0.0	
210.17179584503174	0.0	-0.1246003	-0.0	
210.48255014419556	0.0	-0.1245999	-0.0	
210.80097365379333	0.0	-0.124589	-0.0	
211.11550951004028	0.0	-0.1245916	-0.0	
211.43545722961426	0.0	-0.1245948	-0.0	
211.7586545944214	0.0	-0.1245941	-0.0	
212.0684232711792	0.0	-0.1245878	-0.0	
212.38642835617065	0.0	-0.1246007	-0.0	
212.70032334327698	0.0	-0.1245899	-0.0	
213.01859283447266	0.0	-0.1245869	-0.0	
213.3298966884613	0.0	-0.1245898	-0.0	
213.6483280658722	0.0	-0.1245899	-0.0	
213.95970106124878	0.0	-0.1245949	-0.0	
214.27945041656494	0.0	-0.1245911	-0.0	
214.5903685092926	0.0	-0.1245874	-0.0	
214.9086093902588	0.0	-0.1245823	-0.0	
215.22053503990173	0.0	-0.1245894	-0.0	
215.5323143005371	0.0	-0.1245778	-0.0	
215.84570264816284	0.0	-0.1245778	-0.0	
216.15825247764587	0.0	-0.1245752	-0.0	
216.4730179309845	0.0	-0.1245862	-0.0	
216.78428864479065	0.0	-0.1245778	-0.0	
217.10644841194153	0.0	-0.124577	-0.0	
217.42937994003296	0.0	-0.1245757	-0.0	
217.7405846118927	0.0	-0.1245786	-0.0	
218.05925941467285	0.0	-0.124584	-0.0	
218.3707423210144	0.0	-0.1245745	-0.0	
218.6855788230896	0.0	-0.1245795	-0.0	
219.00136280059814	0.0	-0.1245719	-0.0	
219.31892728805542	0.0	-0.1245732	-0.0	
219.63390636444092	0.0	-0.1245786	-0.0	
219.95073199272156	0.0	-0.1245782	-0.0	
220.2614300251007	0.0	-0.1245781	-0.0	
220.56380987167358	0.0	-0.1245774	-0.0	
220.87976574897766	0.0	-0.1245695	-0.0	
221.1986665725708	0.0	-0.1245719	-0.0	
221.51308608055115	0.0	-0.1245648	-0.0	
221.82479405403137	0.0	-0.1245661	-0.0	
222.14945650100708	0.0	-0.1245624	-0.0	
222.47062468528748	0.0	-0.1245565	-0.0	
222.78039932250977	0.0	-0.1245723	-0.0	
223.10152077674866	0.0	-0.1245556	-0.0	
223.41284132003784	0.0	-0.1245648	-0.0	
223.72955799102783	0.0	-0.1245603	-0.0	
224.04285645484924	0.0	-0.1245611	-0.0	
224.36116409301758	0.0	-0.1245657	-0.0	
224.67230224609375	0.0	-0.124564	-0.0	
224.99096989631653	0.0	-0.1245636	-0.0	
225.30422496795654	0.0	-0.1245553	-0.0	
225.6191897392273	0.0	-0.1245556	-0.0	
225.93161177635193	0.0	-0.1245578	-0.0	
226.23542833328247	0.0	-0.1245607	-0.0	
226.5486364364624	0.0	-0.1245585	-0.0	
226.8606562614441	0.0	-0.1245552	-0.0	
227.18038201332092	0.0	-0.1245561	-0.0	
227.49862027168274	0.0	-0.1245577	-0.0	
227.81864285469055	0.0	-0.1245498	-0.0	
228.1489017009735	0.0	-0.1245494	-0.0	
228.47063159942627	0.0	-0.1245469	-0.0	
228.78355813026428	0.0	-0.1245507	-0.0	
229.10358309745789	0.0	-0.1245477	-0.0	
229.4206268787384	0.0	-0.1245428	-0.0	
229.7349772453308	0.0	-0.1245523	-0.0	
230.05766201019287	0.0	-0.1245427	-0.0	
230.37745475769043	0.0	-0.1245507	-0.0	
230.69576478004456	0.0	-0.1245444	-0.0	
231.0136218070984	0.0	-0.1245449	-0.0	
231.31653666496277	0.0	-0.1245486	-0.0	
231.63563871383667	0.0	-0.1245352	-0.0	
231.95262503623962	0.0	-0.1245411	-0.0	
232.2686276435852	0.0	-0.124539	-0.0	
232.56863141059875	0.0	-0.1245395	-0.0	
232.8866057395935	0.0	-0.124541	-0.0	
233.20435333251953	0.0	-0.1245377	-0.0	
233.52326250076294	0.0	-0.1245431	-0.0	
233.8440489768982	0.0	-0.1245335	-0.0	
234.15909910202026	0.0	-0.1245368	-0.0	
234.47370886802673	0.0	-0.1245373	-0.0	
234.78514409065247	0.0	-0.1245449	-0.0	
235.10752081871033	0.0	-0.1245369	-0.0	
235.42861461639404	0.0	-0.1245373	-0.0	
235.73860692977905	0.0	-0.1245285	-0.0	
236.0595920085907	0.0	-0.1245386	-0.0	
236.3743486404419	0.0	-0.1245439	-0.0	
236.68859362602234	0.0	-0.1245343	-0.0	
237.0028429031372	0.0	-0.1245361	-0.0	
237.32281804084778	0.0	-0.124534	-0.0	
237.624351978302	0.0	-0.124536	-0.0	
237.93859457969666	0.0	-0.1245318	-0.0	
238.25292658805847	0.0	-0.1245298	-0.0	
238.56984496116638	0.0	-0.1245244	-0.0	
238.88841581344604	0.0	-0.1245252	-0.0	
239.198637008667	0.0	-0.1245248	-0.0	
239.5170452594757	0.0	-0.1245189	-0.0	
239.8401803970337	0.0	-0.1245298	-0.0	
240.15284514427185	0.0	-0.1245281	-0.0	
240.47269105911255	0.0	-0.1245239	-0.0	
240.78489708900452	0.0	-0.1245202	-0.0	
241.12078475952148	0.0	-0.124521	-0.0	
241.43979120254517	0.0	-0.1245227	-0.0	
241.72861123085022	0.0	-0.1245269	-0.0	
242.04513096809387	0.0	-0.1245219	-0.0	
242.36213374137878	0.0	-0.1245278	-0.0	
242.66678929328918	0.0	-0.1245227	-0.0	
242.98922848701477	0.0	-0.1245214	-0.0	
243.30362272262573	0.0	-0.1245306	-0.0	
243.62322306632996	0.0	-0.1245194	-0.0	
243.93433141708374	0.0	-0.1245194	-0.0	
244.2509949207306	0.0	-0.124516	-0.0	
244.5668888092041	0.0	-0.124516	-0.0	
244.88131308555603	0.0	-0.1245122	-0.0	
245.19261002540588	0.0	-0.1245149	-0.0	
245.51178860664368	0.0	-0.1245186	-0.0	
245.81970047950745	0.0	-0.1245176	-0.0	
246.15632343292236	0.0	-0.1245189	-0.0	
246.47135257720947	0.0	-0.1245139	-0.0	
246.7843940258026	0.0	-0.1245114	-0.0	
247.10896348953247	0.0	-0.1245035	-0.0	
247.40376663208008	0.0	-0.1245163	-0.0	
247.70857167243958	0.0	-0.1245115	-0.0	
248.0286340713501	0.0	-0.1245147	-0.0	
248.34641528129578	0.0	-0.1245093	-0.0	
248.66231393814087	0.0	-0.1245131	-0.0	
248.97833228111267	0.0	-0.1245072	-0.0	
249.2983958721161	0.0	-0.1245098	-0.0	
249.61120796203613	0.0	-0.1245052	-0.0	
249.9027223587036	0.0	-0.1245027	-0.0	
250.1913285255432	0.0	-0.1245027	-0.0	
250.50840401649475	0.0	-0.1245061	-0.0	
250.80962491035461	0.0	-0.1245005	-0.0	
251.13704633712769	0.0	-0.1244968	-0.0	
251.45469975471497	0.0	-0.1245006	-0.0	
251.76859593391418	0.0	-0.124501	-0.0	
252.07665848731995	0.0	-0.1245022	-0.0	
252.39204859733582	0.0	-0.124503	-0.0	
252.71810865402222	0.0	-0.1245073	-0.0	
253.0386197566986	0.0	-0.1244964	-0.0	
253.35327982902527	0.0	-0.1244927	-0.0	
253.67249870300293	0.0	-0.124493	-0.0	
253.99556708335876	0.0	-0.1244985	-0.0	
254.31062769889832	0.0	-0.1244998	-0.0	
254.62771582603455	0.0	-0.1244944	-0.0	
254.94463872909546	0.0	-0.1244915	-0.0	
255.26867699623108	0.0	-0.1245023	-0.0	
255.5916383266449	0.0	-0.1244964	-0.0	
255.90314888954163	0.0	-0.1245023	-0.0	
256.2288990020752	0.0	-0.1244989	-0.0	
256.54862570762634	0.0	-0.1245006	-0.0	
256.865389585495	0.0	-0.124493	-0.0	
257.18411207199097	0.0	-0.1244943	-0.0	
257.50418519973755	0.0	-0.1244968	-0.0	
257.8156945705414	0.0	-0.1244935	-0.0	
258.1470308303833	0.0	-0.1244876	-0.0	
258.45845198631287	0.0	-0.1244885	-0.0	
258.774352312088	0.0	-0.1244897	-0.0	
259.0886368751526	0.0	-0.1244918	-0.0	
259.40541768074036	0.0	-0.1244905	-0.0	
259.7286214828491	0.0	-0.1244885	-0.0	
260.041748046875	0.0	-0.1244864	-0.0	
260.3626048564911	0.0	-0.1244922	-0.0	
260.67832589149475	0.0	-0.1244984	-0.0	
260.99750232696533	0.0	-0.1244894	-0.0	
261.2986068725586	0.0	-0.1244885	-0.0	
261.6186079978943	0.0	-0.1244852	-0.0	
261.9306175708771	0.0	-0.1244839	-0.0	
262.2526092529297	0.0	-0.124486	-0.0	
262.5684585571289	0.0	-0.1244902	-0.0	
262.8828308582306	0.0	-0.1244802	-0.0	
263.19861459732056	0.0	-0.1244863	-0.0	
263.5186200141907	0.0	-0.1244847	-0.0	
263.85167622566223	0.0	-0.1244785	-0.0	
264.1686646938324	0.0	-0.1244968	-0.0	
264.48476219177246	0.0	-0.124476	-0.0	
264.8007459640503	0.0	-0.1244847	-0.0	
265.1186411380768	0.0	-0.1244785	-0.0	
265.43344712257385	0.0	-0.1244752	-0.0	
265.7432084083557	0.0	-0.1244796	-0.0	
266.0653488636017	0.0	-0.1244772	-0.0	
266.3686351776123	0.0	-0.1244793	-0.0	
266.6843988895416	0.0	-0.1244818	-0.0	
267.00174951553345	0.0	-0.1244747	-0.0	
267.32239270210266	0.0	-0.1244743	-0.0	
267.64833760261536	0.0	-0.1244809	-0.0	
267.9626271724701	0.0	-0.124478	-0.0	
268.2853240966797	0.0	-0.1244731	-0.0	
268.59896063804626	0.0	-0.1244784	-0.0	
268.91461420059204	0.0	-0.1244743	-0.0	
269.2373456954956	0.0	-0.1244793	-0.0	
269.55226492881775	0.0	-0.1244652	-0.0	
269.83616304397583	0.0	-0.124481	-0.0	
270.1350712776184	0.0	-0.124473	-0.0	
270.4337375164032	0.0	-0.1244709	-0.0	
270.7218918800354	0.0	-0.1244655	-0.0	
271.04216170310974	0.0	-0.1244738	-0.0	
271.36383748054504	0.0	-0.1244592	-0.0	
271.68072867393494	0.0	-0.1244722	-0.0	
272.00264286994934	0.0	-0.1244698	-0.0	
272.3187654018402	0.0	-0.1244751	-0.0	
272.6314232349396	0.0	-0.1244664	-0.0	
272.9413046836853	0.0	-0.124466	-0.0	
273.26097798347473	0.0	-0.1244659	-0.0	
273.5710151195526	0.0	-0.1244676	-0.0	
273.8906421661377	0.0	-0.1244672	-0.0	
274.2065670490265	0.0	-0.1244738	-0.0	
274.5279140472412	0.0	-0.1244721	-0.0	
274.85630345344543	0.0	-0.1244656	-0.0	
275.20294404029846	0.0	-0.1244559	-0.0	
275.5186400413513	0.0	-0.1244643	-0.0	
275.8426744937897	0.0	-0.1244656	-0.0	
276.1582112312317	0.0	-0.1244605	-0.0	
276.46500515937805	0.0	-0.1244613	-0.0	
276.7793803215027	0.0	-0.1244601	-0.0	
277.1012213230133	0.0	-0.1244609	-0.0	
277.41315746307373	0.0	-0.1244572	-0.0	
277.7345426082611	0.0	-0.1244572	-0.0	
278.04862332344055	0.0	-0.1244576	-0.0	
278.36712884902954	0.0	-0.1244643	-0.0	
278.6850814819336	0.0	-0.1244622	-0.0	
279.0006878376007	0.0	-0.1244563	-0.0	
279.32860922813416	0.0	-0.124461	-0.0	
279.6545991897583	0.0	-0.1244505	-0.0	
279.9865779876709	0.0	-0.1244579	-0.0	
280.3185362815857	0.0	-0.1244617	-0.0	
280.6330552101135	0.0	-0.1244551	-0.0	
280.95047664642334	0.0	-0.1244571	-0.0	
281.2686400413513	0.0	-0.1244563	-0.0	
281.58200883865356	0.0	-0.1244555	-0.0	
281.9003448486328	0.0	-0.1244556	-0.0	
282.2132315635681	0.0	-0.124445	-0.0	
282.53269624710083	0.0	-0.1244497	-0.0	
282.8486330509186	0.0	-0.1244576	-0.0	
283.164400100708	0.0	-0.1244497	-0.0	
283.47870779037476	0.0	-0.1244559	-0.0	
283.7986500263214	0.0	-0.1244505	-0.0	
284.1125123500824	0.0	-0.1244509	-0.0	
284.4113850593567	0.0	-0.124458	-0.0	
284.73186016082764	0.0	-0.1244526	-0.0	
285.0482087135315	0.0	-0.1244426	-0.0	
285.3710584640503	0.0	-0.124445	-0.0	
285.68803811073303	0.0	-0.1244551	-0.0	
286.00921869277954	0.0	-0.1244493	-0.0	
286.326269865036	0.0	-0.124448	-0.0	
286.64860939979553	0.0	-0.1244426	-0.0	
286.9726445674896	0.0	-0.1244421	-0.0	
287.2938928604126	0.0	-0.1244459	-0.0	
287.61256194114685	0.0	-0.1244501	-0.0	
287.93245673179626	0.0	-0.1244451	-0.0	
288.24701142311096	0.0	-0.1244488	-0.0	
288.56676721572876	0.0	-0.1244467	-0.0	
288.88663363456726	0.0	-0.1244493	-0.0	
289.2045223712921	0.0	-0.1244355	-0.0	
289.52602219581604	0.0	-0.1244471	-0.0	
289.84404945373535	0.0	-0.1244429	-0.0	
290.16336369514465	0.0	-0.1244434	-0.0	
290.468633890152	0.0	-0.1244451	-0.0	
290.7905628681183	0.0	-0.1244468	-0.0	
291.11386585235596	0.0	-0.1244392	-0.0	
291.4502103328705	0.0	-0.1244463	-0.0	
291.7765018939972	0.0	-0.1244363	-0.0	
292.090491771698	0.0	-0.1244321	-0.0	
292.41407108306885	0.0	-0.1244325	-0.0	
292.73405623435974	0.0	-0.1244346	-0.0	
293.0539884567261	0.0	-0.1244351	-0.0	
293.3727116584778	0.0	-0.1244342	-0.0	
293.6904945373535	0.0	-0.124433	-0.0	
294.005478143692	0.0	-0.1244338	-0.0	
294.32608246803284	0.0	-0.1244326	-0.0	
294.6326723098755	0.0	-0.1244358	-0.0	
294.94015407562256	0.0	-0.1244329	-0.0	
295.25860381126404	0.0	-0.12443	-0.0	
295.57724142074585	0.0	-0.1244447	-0.0	
295.89194917678833	0.0	-0.1244321	-0.0	
296.21726393699646	0.0	-0.1244397	-0.0	
296.55498933792114	0.0	-0.1244313	-0.0	
296.8733229637146	0.0	-0.1244367	-0.0	
297.18924140930176	0.0	-0.1244308	-0.0	
297.5082414150238	0.0	-0.1244246	-0.0	
297.8312666416168	0.0	-0.1244305	-0.0	
298.13441133499146	0.0	-0.1244329	-0.0	
298.45405626296997	0.0	-0.1244284	-0.0	
298.78466176986694	0.0	-0.1244334	-0.0	
299.10868287086487	0.0	-0.1244359	-0.0	
299.4286320209503	0.0	-0.1244246	-0.0	
299.7566223144531	0.0	-0.1244243	-0.0	
300.0891990661621	0.0	-0.1244342	-0.0	
300.4090745449066	0.0	-0.1244221	-0.0	
300.72722864151	0.0	-0.1244359	-0.0	
301.0486204624176	0.0	-0.1244267	-0.0	
301.36872005462646	0.0	-0.1244288	-0.0	
301.6826009750366	0.0	-0.1244292	-0.0	
302.00274991989136	0.0	-0.1244237	-0.0	
302.3201825618744	0.0	-0.1244259	-0.0	
302.6386206150055	0.0	-0.1244255	-0.0	
302.95272278785706	0.0	-0.1244229	-0.0	
303.26863384246826	0.0	-0.1244246	-0.0	
303.585001707077	0.0	-0.1244296	-0.0	
303.88314747810364	0.0	-0.1244246	-0.0	
304.20132279396057	0.0	-0.1244321	-0.0	
304.5266218185425	0.0	-0.1244276	-0.0	
304.84943747520447	0.0	-0.1244225	-0.0	
305.1707890033722	0.0	-0.1244243	-0.0	
305.49580359458923	0.0	-0.1244192	-0.0	
305.81491565704346	0.0	-0.1244263	-0.0	
306.1426467895508	0.0	-0.1244233	-0.0	
306.46264815330505	0.0	-0.1244238	-0.0	
306.7798104286194	0.0	-0.124418	-0.0	
307.115674495697	0.0	-0.1244204	-0.0	
307.44117999076843	0.0	-0.1244163	-0.0	
307.7638280391693	0.0	-0.1244179	-0.0	
308.0806097984314	0.0	-0.1244205	-0.0	
308.39862179756165	0.0	-0.1244155	-0.0	
308.71933460235596	0.0	-0.1244204	-0.0	
309.00888419151306	0.0	-0.1244238	-0.0	
309.32590436935425	0.0	-0.1244229	-0.0	
309.64439368247986	0.0	-0.1244121	-0.0	
309.9603416919708	0.0	-0.1244162	-0.0	
310.2855603694916	0.0	-0.1244038	-0.0	
310.5987083911896	0.0	-0.1244071	-0.0	
310.9186131954193	0.0	-0.1244141	-0.0	
311.24128890037537	0.0	-0.1244071	-0.0	
311.5600266456604	0.0	-0.1244137	-0.0	
311.8787007331848	0.0	-0.1244163	-0.0	
312.20214462280273	0.0	-0.1244092	-0.0	
312.51867389678955	0.0	-0.1244072	-0.0	
312.8387496471405	0.0	-0.1244025	-0.0	
313.1547427177429	0.0	-0.1244071	-0.0	
313.47261667251587	0.0	-0.1244192	-0.0	
313.79109025001526	0.0	-0.1244067	-0.0	
314.10949778556824	0.0	-0.124413	-0.0	
314.42874789237976	0.0	-0.1244113	-0.0	
314.7526228427887	0.0	-0.1244166	-0.0	
315.0686457157135	0.0	-0.1244117	-0.0	
315.38710832595825	0.0	-0.12441	-0.0	
315.70861887931824	0.0	-0.1244075	-0.0	
316.0253839492798	0.0	-0.1244104	-0.0	
316.348614692688	0.0	-0.1244045	-0.0	
316.6712656021118	0.0	-0.1244083	-0.0	
316.98864483833313	0.0	-0.1244067	-0.0	
317.3064420223236	0.0	-0.1244104	-0.0	
317.63867115974426	0.0	-0.1244083	-0.0	
317.9619493484497	0.0	-0.1244058	-0.0	
318.2770965099335	0.0	-0.1244058	-0.0	
318.57525873184204	0.0	-0.1244042	-0.0	
318.87504029273987	0.0	-0.1244037	-0.0	
319.170214176178	0.0	-0.1243971	-0.0	
319.46034002304077	0.0	-0.1244012	-0.0	
319.76861929893494	0.0	-0.124403	-0.0	
320.08459734916687	0.0	-0.1244075	-0.0	
320.4046802520752	0.0	-0.1244025	-0.0	
320.7286112308502	0.0	-0.1244038	-0.0	
321.0553023815155	0.0	-0.1243984	-0.0	
321.3726201057434	0.0	-0.1244033	-0.0	
321.68922328948975	0.0	-0.1243946	-0.0	
322.0125982761383	0.0	-0.1243983	-0.0	
322.3313145637512	0.0	-0.1244029	-0.0	
322.6486191749573	0.0	-0.1243983	-0.0	
322.9710786342621	0.0	-0.1244079	-0.0	
323.29052925109863	0.0	-0.1244029	-0.0	
323.6090655326843	0.0	-0.1243946	-0.0	
323.9264786243439	0.0	-0.1244008	-0.0	
324.2486138343811	0.0	-0.1244012	-0.0	
324.5686237812042	0.0	-0.1243953	-0.0	
324.89263248443604	0.0	-0.124395	-0.0	
325.2086033821106	0.0	-0.1243912	-0.0	
325.52412128448486	0.0	-0.1243962	-0.0	
325.8485984802246	0.0	-0.1243949	-0.0	
326.1686611175537	0.0	-0.1243992	-0.0	
326.482293844223	0.0	-0.1243936	-0.0	
326.8186295032501	0.0	-0.1243995	-0.0	
327.1457805633545	0.0	-0.1243942	-0.0	
327.4599015712738	0.0	-0.1243888	-0.0	
327.77860951423645	0.0	-0.124392	-0.0	
328.1022424697876	0.0	-0.1243888	-0.0	
328.4186246395111	0.0	-0.12439	-0.0	
328.7365913391113	0.0	-0.1243933	-0.0	
329.05934619903564	0.0	-0.1243875	-0.0	
329.38064336776733	0.0	-0.1243913	-0.0	
329.7014570236206	0.0	-0.1243875	-0.0	
330.02435064315796	0.0	-0.1243966	-0.0	
330.3393840789795	0.0	-0.1243838	-0.0	
330.6577663421631	0.0	-0.1243804	-0.0	
330.97419452667236	0.0	-0.1243833	-0.0	
331.28998017311096	0.0	-0.1243862	-0.0	
331.6094388961792	0.0	-0.1243858	-0.0	
331.922176361084	0.0	-0.1243846	-0.0	
332.2433178424835	0.0	-0.1243862	-0.0	
332.5626153945923	0.0	-0.1243809	-0.0	
332.8802032470703	0.0	-0.1243832	-0.0	
333.2005627155304	0.0	-0.1243857	-0.0	
333.5186777114868	0.0	-0.1243841	-0.0	
333.8358132839203	0.0	-0.1243884	-0.0	
334.15274310112	0.0	-0.1243916	-0.0	
334.47039890289307	0.0	-0.1243853	-0.0	
334.80259561538696	0.0	-0.1243867	-0.0	
335.1254470348358	0.0	-0.1243837	-0.0	
335.44297552108765	0.0	-0.1243775	-0.0	
335.7676799297333	0.0	-0.1243858	-0.0	
336.0916037559509	0.0	-0.124383	-0.0	
336.4146361351013	0.0	-0.1243795	-0.0	
336.7386145591736	0.0	-0.1243879	-0.0	
337.0592384338379	0.0	-0.1243858	-0.0	
337.3823928833008	0.0	-0.1243791	-0.0	
337.70099425315857	0.0	-0.1243787	-0.0	
338.0159513950348	0.0	-0.1243783	-0.0	
338.3386056423187	0.0	-0.1243774	-0.0	
338.6620502471924	0.0	-0.1243758	-0.0	
338.9786710739136	0.0	-0.124375	-0.0	
339.30080676078796	0.0	-0.1243799	-0.0	
339.62861919403076	0.0	-0.12437	-0.0	
339.954651594162	0.0	-0.1243721	-0.0	
340.2819595336914	0.0	-0.12437	-0.0	
340.6016788482666	0.0	-0.1243707	-0.0	
340.923264503479	0.0	-0.124367	-0.0	
341.24668645858765	0.0	-0.1243712	-0.0	
341.5526010990143	0.0	-0.1243741	-0.0	
341.8728885650635	0.0	-0.124369	-0.0	


