*! QVisaDatafile v1.1
*! Si Ref AM1.5G
#! pv-bias 9f96311
t		V		I		P		
0.19695305824279785	0.0	0.1242698	0.0	
0.4495706558227539	0.002355	0.1242685	0.0002926523175	
0.71085524559021	0.004705	0.1242661	0.0005846720005000001	
0.9728806018829346	0.00706	0.1242598	0.000877274188	
1.219468116760254	0.00941	0.1242547	0.001169236727	
1.4519946575164795	0.011765	0.1242544	0.0014618530159999999	
1.6916825771331787	0.01412	0.1242593	0.0017545413160000001	
1.9381976127624512	0.01647	0.1242573	0.002046517731	
2.1932854652404785	0.018825	0.1242564	0.00233912673	
2.4427847862243652	0.021175	0.1242427	0.0026308391725	
2.681295871734619	0.02353	0.1242422	0.0029234189659999997	
2.9196817874908447	0.02588	0.1242363	0.003215235444	
3.158743381500244	0.028235	0.1242272	0.003507554992	
3.3972256183624268	0.03059	0.1242301	0.003800198759	
3.6372382640838623	0.03294	0.1242247	0.004091961617999999	
3.8772363662719727	0.035295	0.1242251	0.0043845249045	
4.108564138412476	0.037645	0.1242167	0.0046761376715	
4.340077877044678	0.04	0.1242189	0.0049687559999999995	
4.584803104400635	0.042355	0.1242105	0.0052609357275	
4.825252294540405	0.044705	0.1242027	0.0055524817035	
5.0603697299957275	0.04706	0.1242038	0.0058450308279999995	
5.303677797317505	0.04941	0.1242047	0.006136954227	
5.555301904678345	0.051765	0.124201	0.0064292647650000005	
5.793243646621704	0.05412	0.1241902	0.0067211736240000005	
6.035243034362793	0.05647	0.1241888	0.007012941536	
6.275521516799927	0.058825	0.1241813	0.0073049649724999995	
6.513751983642578	0.061175	0.1241659	0.0075958489325	
6.753154277801514	0.06353	0.1241663	0.007888285039	
6.9906933307647705	0.06588	0.1241738	0.008180569944	
7.23794412612915	0.068235	0.1241613	0.0084721463055	
7.487223863601685	0.07059	0.1241579	0.008764306161	
7.7229838371276855	0.07294	0.1241567	0.009055989698	
7.95773983001709	0.075295	0.1241297	0.0093463457615	
8.187593460083008	0.077645	0.1241412	0.009638943474	
8.426046371459961	0.08	0.1241225	0.0099298	
8.667001724243164	0.082355	0.1241283	0.0102225861465	
8.905705690383911	0.084705	0.1241163	0.010513271191500001	
9.13608980178833	0.08706	0.1241199	0.010805878494	
9.38363003730774	0.08941	0.1241009	0.011095861469	
9.631178617477417	0.091765	0.1240953	0.0113876052045	
9.878941535949707	0.09412	0.124087	0.011679068439999999	
10.115280389785767	0.09647	0.1240795	0.011969949365	
10.35364842414856	0.098825	0.1240749	0.0122617019925	
10.597226619720459	0.101175	0.1240674	0.012552519195	
10.827253818511963	0.10353	0.124067	0.01284465651	
11.072785377502441	0.10588	0.1240608	0.013135557504	
11.31158995628357	0.108235	0.1240423	0.0134257183405	
11.544010162353516	0.11059	0.1240386	0.013717428774	
11.784463167190552	0.11294	0.1240308	0.014008038552	
12.023118257522583	0.115295	0.1240211	0.014299012724499998	
12.278707027435303	0.117645	0.1240161	0.0145898740845	
12.511019468307495	0.12	0.1240036	0.014880432	
12.756833553314209	0.122355	0.1240002	0.015172044471000002	
12.98041033744812	0.124705	0.1239848	0.015461524484	
13.232238531112671	0.12706	0.1239848	0.015753508688	
13.466070890426636	0.12941	0.1239636	0.016042129476	
13.705599308013916	0.131765	0.1239518	0.016332508927	
13.952747344970703	0.13412	0.1239498	0.016624147175999998	
14.193633794784546	0.13647	0.1239384	0.016913873448	
14.444684505462646	0.138825	0.1239239	0.0172037354175	
14.670097351074219	0.141175	0.1239185	0.0174941942375	
14.929175615310669	0.14353	0.1239013	0.017783553589	
15.174903631210327	0.14588	0.1238939	0.018073642132000002	
15.420303344726562	0.148235	0.1238814	0.018363559329000002	
15.63485598564148	0.15059	0.1238546	0.018651264214	
15.870285749435425	0.15294	0.123855	0.0189423837	
16.111528873443604	0.155295	0.1238484	0.019233037278	
16.35392665863037	0.157645	0.1238388	0.019522567626	
16.5951144695282	0.16	0.1238204	0.019811264	
16.833486318588257	0.162355	0.1238021	0.0200998899455	
17.07648229598999	0.164705	0.1237945	0.020389573122499997	
17.32476496696472	0.16706	0.1237846	0.020679455275999997	
17.57348370552063	0.16941	0.1237663	0.020967248883	
17.811524391174316	0.171765	0.1237382	0.021253891923	
18.050385236740112	0.17412	0.1237458	0.021546618696	
18.297672271728516	0.17647	0.1237361	0.021835709566999997	
18.535480260849	0.178825	0.1237145	0.022123245462500003	
18.7772696018219	0.181175	0.123692	0.0224098981	
19.01684808731079	0.18353	0.1236832	0.022699577696	
19.275500774383545	0.18588	0.1236736	0.022988448768	
19.51415777206421	0.188235	0.1236573	0.0232766318655	
19.74930500984192	0.19059	0.1236327	0.023563156293	
19.96247935295105	0.19294	0.1236215	0.023851532209999998	
20.195009469985962	0.195295	0.1235951	0.0241375050545	
20.43101716041565	0.197645	0.123586	0.02442615497	
20.680641889572144	0.2	0.1235701	0.024714020000000003	
20.914347171783447	0.202355	0.1235555	0.0250020732025	
21.146016836166382	0.204705	0.1235331	0.025287843235500002	
21.380452394485474	0.20706	0.1235193	0.025575906258	
21.617071866989136	0.20941	0.1234922	0.025860501602	
21.84722876548767	0.21175	0.1234821	0.026147334674999998	
22.08340311050415	0.2141	0.123455	0.0264317155	
22.33078145980835	0.21645	0.1234304	0.02671651008	
22.56043839454651	0.2188	0.1234149	0.027003180119999998	
22.792274951934814	0.2212	0.1233903	0.02729393436	
23.011265993118286	0.22355	0.1233657	0.027578402234999997	
23.257539749145508	0.2259	0.123349	0.0278645391	
23.485478162765503	0.22825	0.1233344	0.0281510768	
23.71842622756958	0.2306	0.1233119	0.02843572414	
23.945866346359253	0.23295	0.1232819	0.028718518605	
24.190091371536255	0.2353	0.1232551	0.029001925030000004	
24.415245532989502	0.23765	0.1232431	0.029288722715	
24.659650325775146	0.24	0.1232264	0.029574336	
24.897236347198486	0.24235	0.1231943	0.029856138605000002	
25.136080741882324	0.2447	0.1231609	0.03013747223	
25.37598490715027	0.24705	0.1231359	0.030420724095	
25.626954317092896	0.2494	0.1231167	0.03070530498	
25.854730129241943	0.25175	0.123092	0.030988410999999993	
26.072978496551514	0.2541	0.1230637	0.03127048617	
26.311917781829834	0.25645	0.1230411	0.031553890095	
26.554096937179565	0.2588	0.123017	0.0318367996	
26.792094230651855	0.2612	0.1229653	0.03211853636	
27.03308629989624	0.26355	0.1229573	0.032405396415	
27.26723313331604	0.2659	0.1229085	0.03268137015000001	
27.50096035003662	0.26825	0.1228827	0.032963284275	
27.74224066734314	0.2706	0.122863	0.0332467278	
27.93763518333435	0.27295	0.1228171	0.033522927445	
28.168424367904663	0.2753	0.1227826	0.03380204978	
28.403297424316406	0.27765	0.1227572	0.03408353658	
28.647228240966797	0.28	0.1227107	0.034358996	
28.88127851486206	0.28235	0.1226699	0.034635846265	
29.10304617881775	0.2847	0.1226466	0.03491748702	
29.335904836654663	0.28705	0.1225781	0.035186043605	
29.587231159210205	0.2894	0.1225556	0.03546759064	
29.819568634033203	0.29175	0.1225376	0.0357503448	
30.059590339660645	0.2941	0.1224963	0.03602616183	
30.30388832092285	0.29645	0.122425	0.03629289125	
30.53731369972229	0.2988	0.1223945	0.0365714766	
30.779137134552002	0.3012	0.1223495	0.0368516694	
31.02362585067749	0.30355	0.122294	0.0371223437	
31.270228147506714	0.3059	0.1222635	0.037400404649999996	
31.507572650909424	0.30825	0.1222393	0.037680264225	
31.74749517440796	0.3106	0.1221422	0.03793736732	
31.978611946105957	0.31295	0.1221159	0.038216170905	
32.22832369804382	0.3153	0.1220441	0.038480504730000004	
32.469762325286865	0.31765	0.1220019	0.038753903534999995	
32.67706274986267	0.32	0.1219585	0.03902672	
32.91218900680542	0.32235	0.1219094	0.03929749509	
33.143495321273804	0.3247	0.1218318	0.03955878546	
33.3528413772583	0.32705	0.1217759	0.039826808095000006	
33.55065107345581	0.3294	0.1216987	0.04008755178000001	
33.76756548881531	0.33175	0.1216662	0.04036276185	
34.01149296760559	0.3341	0.1215944	0.04062468904	
34.26726245880127	0.33645	0.1215143	0.040883486235	
34.5264630317688	0.3388	0.1214479	0.04114654852	
34.747875452041626	0.3412	0.121332	0.0413984784	
34.96079611778259	0.34355	0.1213091	0.04167574130500001	
35.1641526222229	0.3459	0.1212239	0.041931347009999995	
35.3958101272583	0.34825	0.1211155	0.042178472875	
35.647079944610596	0.3506	0.1210382	0.042435992920000006	
35.874977111816406	0.35295	0.1209611	0.042693220244999996	
36.11314249038696	0.3553	0.1208105	0.042923970650000004	
36.35879826545715	0.35765	0.1208143	0.043209234395000004	
36.60140609741211	0.36	0.1206832	0.043445952	
36.84568166732788	0.36235	0.120574	0.043689988900000004	
37.08366274833679	0.3647	0.1205444	0.04396254268	
37.3149471282959	0.36705	0.1204338	0.044205226289999996	
37.560418128967285	0.3694	0.1203116	0.04444310504	
37.795316219329834	0.37175	0.120118	0.04465386650000001	
38.04698038101196	0.3741	0.1200463	0.044909320829999995	
38.274590730667114	0.37645	0.1198874	0.04513161173	
38.52197241783142	0.3788	0.1196863	0.045337170440000005	
38.769036531448364	0.3812	0.1196187	0.04559864843999999	
39.01291036605835	0.38355	0.1194827	0.045827589585	
39.22353529930115	0.3859	0.1192845	0.046031888550000004	
39.45720601081848	0.38825	0.1190847	0.046234634775	
39.68708848953247	0.3906	0.118912	0.046447027200000005	
39.92276930809021	0.39295	0.118834	0.0466958203	
40.167221784591675	0.3953	0.1187681	0.04694902993	
40.405035972595215	0.39765	0.1185666	0.04714800849	
40.64785099029541	0.4	0.1183183	0.047327320000000006	
40.87270545959473	0.40235	0.1181994	0.047557528589999995	
41.11444282531738	0.4047	0.1178799	0.047705995529999996	
41.362812757492065	0.40705	0.1177952	0.047948536160000006	
41.60307574272156	0.4094	0.1175558	0.04812734452	
41.83550190925598	0.41175	0.1173568	0.0483216624	
42.06557822227478	0.4141	0.1172229	0.048542002890000005	
42.293522357940674	0.41645	0.117061	0.04875005345	
42.52550005912781	0.4188	0.1168365	0.0489311262	
42.77291989326477	0.4212	0.1166238	0.049121944560000005	
43.00775504112244	0.42355	0.1162675	0.049245099625	
43.27993059158325	0.4259	0.1161445	0.049465942549999996	
43.514758825302124	0.42825	0.1158491	0.049612377075	
43.75728988647461	0.4306	0.1155146	0.04974058676	
44.001508474349976	0.43295	0.1152763	0.049908874085	
44.26366639137268	0.4353	0.1149705	0.050046658650000006	
44.49848914146423	0.43765	0.1146189	0.050162961585	
44.73430037498474	0.44	0.1142584	0.050273696	
44.9707612991333	0.44235	0.1139268	0.05039551998	
45.213613510131836	0.4447	0.1134892	0.05046864724	
45.44875621795654	0.44705	0.1130487	0.050538421335	
45.67724919319153	0.4494	0.1126023	0.050603473620000006	
45.89513564109802	0.45175	0.1121442	0.05066114235	
46.135645151138306	0.4541	0.1116094	0.05068182854	
46.36668944358826	0.45645	0.1111213	0.050721317385000006	
46.6009795665741	0.4588	0.1105131	0.05070341028	
46.82886552810669	0.4612	0.1099232	0.05069657984	
47.07515001296997	0.46355	0.1092728	0.05065340644000001	
47.30400466918945	0.4659	0.1086124	0.05060251716	
47.53956079483032	0.46825	0.1079015	0.050524877375	
47.80222725868225	0.4706	0.1071348	0.050417636880000005	
48.02777361869812	0.47295	0.1063122	0.05028035499	
48.264846086502075	0.4753	0.105477	0.0501332181	
48.50283408164978	0.47765	0.1046026	0.04996343189000001	
48.74548268318176	0.48	0.1036631	0.049758288	
48.98935008049011	0.48235	0.1026665	0.049521186275	
49.224141359329224	0.4847	0.1016223	0.04925632881	
49.47217607498169	0.48705	0.1005518	0.048973754189999996	
49.76946401596069	0.4894	0.09940023	0.048646472562000005	
50.010788440704346	0.49175	0.09819046	0.048285158705	
50.22384309768677	0.4941	0.09696324	0.047909536884	
50.45564270019531	0.49645	0.09565088	0.047485879376	
50.69212770462036	0.4988	0.09428469	0.047029203372000006	
50.94194030761719	0.5012	0.09283283	0.046527814396	
51.181424140930176	0.50355	0.09136399	0.046006337164500005	
51.41285705566406	0.5059	0.08981983	0.045439851997	
51.659300327301025	0.50825	0.08820748	0.04483145171	
51.891297340393066	0.5106	0.08657498	0.044205184788	
52.12614989280701	0.51295	0.08484694	0.043522237873	
52.3527729511261	0.5153	0.08306498	0.042803384193999996	
52.58551359176636	0.51765	0.08124845	0.042058260142500005	
52.830042123794556	0.52	0.07934613	0.0412599876	
53.06863188743591	0.52235	0.07738871	0.0404239926685	
53.27874946594238	0.5247	0.07540148	0.039563156556000005	
53.48186683654785	0.52705	0.07332689	0.03864693737450001	
53.70083951950073	0.5294	0.07122959	0.037708944945999995	
53.92988181114197	0.53175	0.06903939	0.0367116956325	
54.17789602279663	0.5341	0.06678711	0.035670995451	
54.40761733055115	0.53645	0.06452406	0.034613931986999996	
54.639265060424805	0.5388	0.06216772	0.033495967535999996	
54.8755087852478	0.5412	0.05972506	0.032323202472000004	
55.11700224876404	0.54355	0.05726707	0.0311275158985	
55.35374855995178	0.5459	0.05479148	0.029910668932	
55.58961486816406	0.54825	0.05222982	0.028634998815000003	
55.79840683937073	0.5506	0.04961281	0.027316813186	
56.01013541221619	0.55295	0.04699776	0.025987411392000004	
56.25389361381531	0.5553	0.04427756	0.024587329068	
56.48247003555298	0.55765	0.04152026	0.023153772989	
56.72294211387634	0.56	0.03875076	0.021700425600000003	
56.957937479019165	0.56235	0.03589818	0.020187341523000002	
57.21521997451782	0.5647	0.033003	0.0186367941	
57.447219133377075	0.56705	0.03011079	0.0170743234695	
57.679245471954346	0.5694	0.0271279	0.01544662626	
57.92422318458557	0.57175	0.024109	0.013784320749999999	
58.160810708999634	0.5741	0.02109581	0.012111104521000001	
58.414509534835815	0.57645	0.01799648	0.010374070895999999	
58.64351749420166	0.5788	0.01486412	0.008603352655999999	
58.88333988189697	0.5812	0.01165026	0.006771131112000001	
59.191434383392334	0.58355	0.008501815	0.00496123414325	
59.42817544937134	0.5859	0.005256732	0.0030799192788	
59.66723990440369	0.58825	0.001984798	0.0011675574235	
59.92302465438843	0.5906	-0.001283862	-0.0007582488972	
60.14721751213074	0.59295	-0.004626682	-0.0027433910918999997	
60.38357996940613	0.5953	-0.008003004	-0.0047641882812	
60.74745726585388	0.59765	-0.01134677	-0.0067813970905000005	
60.980101346969604	0.6	-0.01476924	-0.008861543999999999	


